(1, 0, 0, 0, 0): (3, 6, 2)
(1, 0, 0, 0, 1): (2, 2, 3)
(1, 0, 0, 0, 2): (2, 2, 3)
(1, 0, 0, 0, 3): (2, 2, 3)
(1, 0, 0, 0, 5): (-3, 1, 3)
(1, 0, 0, 0, 6): (-3, 1, 3)
(1, 0, 0, 0, 7): (3, 2, 3)
(1, 0, 0, 0, 19): (-2, 1, 3)
(1, 0, 0, 0, 38): (-2, 1, 3)
(1, 0, 0, 0, 21): (-1, 0, 2)
(1, 0, 0, 0, 42): (0, 5, 6)
(1, 0, 0, 0, 63): (-1, 5, 6)
(1, 0, 0, 0, 84): (-6, 5, 6)
(1, 0, 0, 0, 23): (-2, 1, 3)
(1, 0, 0, 0, 46): (0, 5, 6)
(1, 0, 0, 0, 69): (-1, 5, 6)
(1, 0, 0, 0, 22): (-4, 1, 3)
(1, 0, 0, 0, 44): (0, 5, 6)
(1, 0, 0, 0, 66): (-3, 5, 6)
(1, 0, 0, 9, 0): (1, 6, 4)
(1, 0, 0, 9, 1): (3, 3, 4)
(1, 0, 0, 9, 2): (3, 3, 4)
(1, 0, 0, 9, 3): (3, 3, 4)
(1, 0, 0, 9, 5): (3, 3, 4)
(1, 0, 0, 9, 6): (3, 3, 4)
(1, 0, 0, 9, 7): (3, 3, 4)
(1, 0, 0, 0, 4): (0, 1, 3)
(1, 0, 0, 10, 0): (1, 5, 4)
(1, 0, 0, 10, 1): (3, 3, 4)
(1, 0, 0, 10, 2): (3, 3, 4)
(1, 0, 0, 10, 3): (3, 3, 4)
(1, 0, 0, 10, 5): (3, 3, 4)
(1, 0, 0, 10, 6): (3, 3, 4)
(1, 0, 0, 10, 7): (3, 3, 4)
(1, 0, 0, 11, 0): (3, 8, 3)
(1, 0, 0, 11, 1): (5, 3, 6)
(1, 0, 0, 11, 2): (3, 3, 4)
(1, 0, 0, 11, 3): (3, 3, 4)
(1, 0, 0, 11, 5): (3, 3, 4)
(1, 0, 0, 11, 6): (3, 3, 4)
(1, 0, 0, 11, 7): (3, 3, 4)
(1, 0, 0, 12, 0): (5, 6, 3)
(1, 0, 0, 12, 1): (2, 1, 3)
(1, 0, 0, 12, 2): (2, 2, 3)
(1, 0, 0, 12, 3): (5, 5, 6)
(1, 0, 0, 12, 5): (5, 5, 6)
(1, 0, 0, 12, 6): (5, 5, 6)
(1, 0, 0, 12, 7): (5, 5, 6)
(1, 0, 0, 21, 0): (-1, 4, 0)
(1, 0, 0, 21, 1): (0, 1, 3)
(1, 0, 0, 23, 0): (1, 3, 3)
(1, 0, 0, 23, 1): (0, 1, 3)
(1, 0, 0, 23, 2): (0, 1, 3)
(1, 0, 0, 23, 3): (0, 1, 3)
(1, 0, 0, 23, 5): (-5, 0, 1)
(1, 0, 0, 23, 6): (-1, 2, 3)
(1, 0, 0, 23, 7): (3, 2, 3)
(1, 0, 0, 23, 16): (-2, 1, 3)
(1, 0, 0, 23, 32): (-2, 1, 3)
(1, 0, 0, 23, 18): (2, 0, 3)
(1, 0, 0, 23, 36): (-2, 0, 1)
(1, 0, 0, 23, 54): (-1, 3, 6)
(1, 0, 0, 23, 72): (-3, 3, 6)
(1, 0, 0, 23, 20): (-5, 1, 3)
(1, 0, 0, 23, 40): (-5, 1, 3)
(1, 0, 0, 23, 60): (-5, 1, 3)
(1, 0, 0, 24, 0): (6, 7, 3)
(1, 0, 0, 29, 0): (1, 2, 2)
(1, 0, 0, 30, 0): (6, 7, 3)
(1, 0, 0, 31, 0): (3, 8, 3)
(1, 0, 0, 0, 13): (-4, 1, 3)
(1, 0, 0, 0, 15): (-4, 3, 10000000000000.0)
(1, 0, 0, 0, 16): (-2, 1, 3)
(1, 0, 0, 0, 32): (-2, 1, 3)
(1, 0, 0, 0, 18): (2, 0, 2)
(1, 0, 0, 0, 36): (1, 1, 3)
(1, 0, 0, 0, 54): (-1, 4, 10000000000000.0)
(1, 0, 0, 0, 72): (-5, 1, 3)
(1, 0, 0, 0, 20): (-4, 1, 3)
(1, 0, 0, 0, 40): (-5, 1, 3)
(1, 0, 0, 0, 60): (-5, 1, 3)
(1, 0, 0, 9, 13): (2, 5, 6)
(1, 0, 0, 9, 15): (8, 5, 6)
(1, 0, 0, 10, 13): (2, 5, 6)
(1, 0, 0, 10, 15): (8, 5, 6)
(1, 0, 0, 11, 13): (2, 5, 6)
(1, 0, 0, 11, 15): (8, 5, 6)
(1, 0, 0, 12, 13): (2, 5, 6)
(1, 0, 0, 12, 15): (8, 5, 6)
(1, 0, 0, 23, 13): (-3, 1, 6)
(1, 0, 0, 23, 15): (3, 1, 6)
(1, 0, 0, 0, 14): (-5, 0, 2)
(1, 0, 0, 0, 30): (-5, 1, 3)
(1, 0, 0, 0, 17): (-1, 0, 2)
(1, 0, 0, 0, 34): (4, 3, 3)
(1, 0, 0, 0, 51): (3, 3, 3)
(1, 0, 0, 0, 68): (1, 3, 3)
(1, 0, 0, 0, 57): (-3, 1, 3)
(1, 0, 0, 9, 14): (6, 3, 4)
(1, 0, 0, 10, 14): (6, 3, 4)
(1, 0, 0, 11, 14): (6, 3, 4)
(1, 0, 0, 20, 0): (-1, 4, 0)
(1, 0, 0, 22, 0): (6, 7, 3)
(1, 0, 0, 22, 2): (0, 0, 1)
(1, 0, 0, 22, 3): (0, 0, 1)
(1, 0, 0, 22, 5): (0, 0, 1)
(1, 0, 0, 22, 6): (-1, 2, 3)
(1, 0, 0, 22, 7): (-2, 3, 4)
(1, 0, 0, 22, 14): (1, 3, 4)
(1, 0, 0, 22, 15): (1, 3, 4)
(1, 0, 0, 22, 30): (-4, 3, 4)
(1, 0, 0, 22, 16): (-5, 3, 4)
(1, 0, 0, 22, 17): (-2, 3, 4)
(1, 0, 0, 22, 34): (-2, 3, 4)
(1, 0, 0, 22, 51): (-3, 3, 4)
(1, 0, 0, 22, 68): (-5, 3, 4)
(1, 0, 0, 22, 19): (-5, 0, 1)
(1, 0, 0, 22, 38): (-5, 0, 1)
(1, 0, 0, 22, 57): (-6, 0, 1)
(1, 0, 1, 0, 0): (1, 2, -1)
(1, 0, 1, 0, 1): (1, 0, 3)
(1, 0, 1, 0, 2): (2, 2, 3)
(1, 0, 1, 0, 3): (2, 2, 3)
(1, 0, 1, 0, 5): (2, 2, 3)
(1, 0, 1, 0, 6): (2, 5, 6)
(1, 0, 1, 0, 7): (3, 2, 3)
(1, 0, 1, 0, 13): (6, 4, 6)
(1, 0, 1, 0, 14): (-5, 0, 3)
(1, 0, 1, 0, 28): (0, 5, 6)
(1, 0, 1, 0, 15): (0, 6, 10000000000000.0)
(1, 0, 1, 0, 16): (-3, 0, 3)
(1, 0, 1, 0, 32): (-3, 0, 3)
(1, 0, 1, 0, 48): (-4, 0, 3)
(1, 0, 1, 0, 64): (-6, 0, 3)
(1, 0, 1, 0, 18): (-5, 0, 3)
(1, 0, 1, 0, 36): (0, 0, 3)
(1, 0, 1, 0, 54): (0, 6, 10000000000000.0)
(1, 0, 1, 8, 0): (3, 7, 6)
(1, 0, 1, 9, 0): (3, 7, 6)
(1, 0, 1, 10, 0): (3, 7, 6)
(1, 0, 1, 19, 0): (4, 8, 6)
(1, 0, 1, 21, 0): (-1, 5, 3)
(1, 0, 1, 21, 1): (-3, 3, 6)
(1, 0, 1, 21, 2): (2, 2, 3)
(1, 0, 1, 21, 3): (2, 2, 3)
(1, 0, 1, 21, 5): (2, 2, 3)
(1, 0, 1, 21, 6): (0, 3, 6)
(1, 0, 1, 21, 7): (0, 3, 6)
(1, 0, 1, 21, 13): (3, 3, 6)
(1, 0, 1, 21, 14): (3, 3, 6)
(1, 0, 1, 21, 28): (-2, 3, 6)
(1, 0, 1, 21, 15): (-3, 3, 6)
(1, 0, 1, 21, 16): (0, 3, 6)
(1, 0, 1, 21, 32): (0, 3, 6)
(1, 0, 1, 21, 48): (-1, 3, 6)
(1, 0, 1, 21, 64): (-3, 3, 6)
(1, 0, 1, 21, 18): (-2, 3, 6)
(1, 0, 1, 21, 36): (-2, 3, 6)
(1, 0, 1, 21, 54): (-3, 3, 6)
(1, 0, 0, 0, 28): (-2, 0, 2)
(1, 0, 0, 0, 48): (-3, 1, 3)
(1, 0, 0, 0, 64): (-5, 1, 3)
(1, 0, 0, 0, 90): (0, 6, 10000000000000.0)
(1, 0, 0, 0, 108): (-2, 4, 10000000000000.0)
(1, 0, 0, 8, 0): (1, 6, 4)
(1, 0, 0, 8, 1): (3, 3, 4)
(1, 0, 0, 8, 3): (3, 3, 4)
(1, 0, 0, 8, 5): (3, 3, 4)
(1, 0, 0, 8, 6): (3, 3, 4)
(1, 0, 0, 8, 7): (3, 3, 4)
(1, 0, 0, 19, 0): (6, 7, 3)
(1, 0, 0, 21, 3): (0, 1, 3)
(1, 0, 0, 21, 5): (0, 1, 3)
(1, 0, 0, 21, 6): (-3, 1, 3)
(1, 0, 0, 21, 7): (5, 5, 6)
(1, 0, 0, 21, 14): (-2, 3, 5)
(1, 0, 0, 21, 28): (-2, 3, 5)
(1, 0, 0, 21, 16): (-4, 0, 3)
(1, 0, 0, 21, 32): (-2, 3, 4)
(1, 0, 0, 21, 48): (-3, 3, 4)
(1, 0, 0, 21, 64): (-5, 3, 4)
(1, 0, 0, 21, 18): (-4, 1, 3)
(1, 0, 0, 21, 36): (-5, 1, 3)
(1, 0, 0, 21, 54): (-4, 3, 4)
(1, 0, 0, 21, 72): (-5, 3, 4)
(1, 0, 0, 21, 90): (-4, 3, 4)
(1, 0, 0, 21, 108): (-5, 3, 4)
(1, 0, 2, 0, 0): (1, 2, -1)
(1, 0, 2, 0, 1): (2, 2, 3)
(1, 0, 2, 0, 3): (2, 2, 3)
(1, 0, 2, 0, 5): (2, 2, 3)
(1, 0, 2, 0, 6): (2, 5, 6)
(1, 0, 2, 0, 7): (3, 2, 3)
(1, 0, 2, 0, 13): (8, 5, 6)
(1, 0, 2, 0, 14): (0, 5, 6)
(1, 0, 2, 0, 28): (-1, 5, 6)
(1, 0, 2, 0, 16): (3, 2, 3)
(1, 0, 2, 0, 18): (1, 6, 10000000000000.0)
(1, 0, 2, 0, 36): (0, 6, 10000000000000.0)
(1, 0, 2, 0, 54): (1, 6, 10000000000000.0)
(1, 0, 2, 0, 72): (0, 6, 10000000000000.0)
(1, 0, 2, 0, 90): (1, 6, 10000000000000.0)
(1, 0, 2, 0, 108): (0, 6, 10000000000000.0)
(1, 0, 2, 8, 0): (2, 8, 6)
(1, 0, 2, 8, 1): (5, 5, 6)
(1, 0, 2, 8, 3): (5, 5, 6)
(1, 0, 2, 8, 5): (5, 5, 6)
(1, 0, 2, 8, 6): (5, 5, 6)
(1, 0, 2, 8, 7): (5, 5, 6)
(1, 0, 2, 8, 13): (8, 5, 6)
(1, 0, 2, 9, 0): (2, 8, 6)
(1, 0, 2, 9, 1): (5, 5, 6)
(1, 0, 2, 9, 3): (5, 5, 6)
(1, 0, 2, 9, 5): (5, 5, 6)
(1, 0, 2, 9, 6): (5, 5, 6)
(1, 0, 2, 9, 7): (5, 5, 6)
(1, 0, 2, 9, 13): (8, 5, 6)
(1, 0, 2, 10, 0): (2, 8, 6)
(1, 0, 2, 10, 1): (5, 5, 6)
(1, 0, 2, 10, 3): (5, 5, 6)
(1, 0, 2, 10, 5): (5, 5, 6)
(1, 0, 2, 10, 6): (5, 5, 6)
(1, 0, 2, 10, 7): (5, 5, 6)
(1, 0, 2, 10, 13): (8, 5, 6)
(1, 0, 2, 19, 0): (-1, 4, 3)
(1, 0, 2, 21, 0): (-1, 4, 3)
(1, 0, 2, 21, 1): (2, 2, 3)
(1, 0, 2, 21, 3): (2, 2, 3)
(1, 0, 2, 21, 5): (2, 2, 3)
(1, 0, 2, 21, 6): (0, 3, 6)
(1, 0, 2, 21, 7): (0, 3, 6)
(1, 0, 2, 21, 13): (3, 3, 6)
(1, 0, 2, 21, 14): (3, 3, 6)
(1, 0, 2, 21, 28): (-2, 3, 6)
(1, 0, 2, 21, 16): (0, 3, 6)
(1, 0, 2, 21, 18): (-2, 3, 6)
(1, 0, 2, 21, 36): (-3, 3, 6)
(1, 0, 2, 21, 54): (-2, 3, 6)
(1, 0, 2, 21, 72): (-3, 3, 6)
(1, 0, 2, 21, 90): (-2, 3, 6)
(1, 0, 2, 21, 108): (-3, 3, 6)
(1, 0, 0, 0, 26): (-2, 1, 3)
(1, 0, 0, 0, 45): (-5, 3, 10000000000000.0)
(1, 0, 0, 8, 2): (3, 3, 4)
(1, 0, 0, 21, 2): (0, 1, 3)
(1, 0, 0, 21, 13): (-4, 3, 4)
(1, 0, 0, 21, 26): (1, 3, 4)
(1, 0, 0, 21, 15): (-2, 3, 4)
(1, 0, 0, 21, 30): (-2, 3, 4)
(1, 0, 0, 21, 45): (-3, 3, 4)
(1, 0, 0, 21, 60): (-5, 3, 4)
(1, 0, 0, 21, 17): (-5, 3, 4)
(1, 0, 3, 0, 0): (1, 2, -1)
(1, 0, 3, 0, 1): (2, 2, 3)
(1, 0, 3, 0, 2): (2, 2, 3)
(1, 0, 3, 0, 3): (-3, 1, 3)
(1, 0, 3, 0, 5): (2, 2, 3)
(1, 0, 3, 0, 6): (2, 5, 6)
(1, 0, 3, 0, 7): (3, 2, 3)
(1, 0, 3, 0, 12): (2, 5, 6)
(1, 0, 3, 0, 24): (2, 5, 6)
(1, 0, 3, 0, 13): (-1, 5, 6)
(1, 0, 3, 0, 26): (1, 6, 10000000000000.0)
(1, 0, 3, 0, 14): (0, 5, 6)
(1, 0, 3, 0, 28): (1, 5, 6)
(1, 0, 3, 0, 42): (0, 5, 6)
(1, 0, 3, 0, 56): (0, 5, 6)
(1, 0, 3, 0, 15): (3, 6, 10000000000000.0)
(1, 0, 3, 0, 30): (3, 6, 10000000000000.0)
(1, 0, 3, 0, 45): (2, 6, 10000000000000.0)
(1, 0, 3, 0, 60): (0, 6, 10000000000000.0)
(1, 0, 3, 0, 16): (0, 6, 10000000000000.0)
(1, 0, 3, 0, 17): (1, 6, 10000000000000.0)
(1, 0, 3, 0, 34): (2, 6, 10000000000000.0)
(1, 0, 3, 0, 51): (1, 6, 10000000000000.0)
(1, 0, 3, 0, 68): (1, 6, 10000000000000.0)
(1, 0, 3, 0, 85): (0, 6, 10000000000000.0)
(1, 0, 3, 8, 0): (3, 7, 6)
(1, 0, 3, 8, 1): (5, 5, 6)
(1, 0, 3, 8, 2): (5, 5, 6)
(1, 0, 3, 8, 5): (5, 5, 6)
(1, 0, 3, 8, 6): (5, 5, 6)
(1, 0, 3, 8, 7): (5, 5, 6)
(1, 0, 3, 9, 0): (3, 7, 6)
(1, 0, 3, 9, 1): (5, 5, 6)
(1, 0, 3, 9, 2): (5, 5, 6)
(1, 0, 3, 9, 5): (5, 5, 6)
(1, 0, 3, 9, 6): (5, 5, 6)
(1, 0, 3, 9, 7): (5, 5, 6)
(1, 0, 3, 18, 0): (4, 8, 6)
(1, 0, 3, 20, 0): (-1, 5, 3)
(1, 0, 3, 20, 1): (2, 2, 3)
(1, 0, 3, 20, 2): (2, 2, 3)
(1, 0, 3, 20, 5): (2, 2, 3)
(1, 0, 3, 20, 6): (0, 3, 6)
(1, 0, 3, 20, 7): (0, 3, 6)
(1, 0, 3, 20, 12): (-2, 3, 6)
(1, 0, 3, 20, 24): (3, 3, 6)
(1, 0, 3, 20, 13): (3, 3, 6)
(1, 0, 3, 20, 26): (-2, 3, 6)
(1, 0, 3, 20, 14): (0, 3, 6)
(1, 0, 3, 20, 28): (0, 3, 6)
(1, 0, 3, 20, 42): (-1, 3, 6)
(1, 0, 3, 20, 56): (-3, 3, 6)
(1, 0, 3, 20, 15): (0, 3, 6)
(1, 0, 3, 20, 30): (0, 3, 6)
(1, 0, 3, 20, 45): (-1, 3, 6)
(1, 0, 3, 20, 60): (-3, 3, 6)
(1, 0, 3, 20, 16): (-3, 3, 6)
(1, 0, 3, 20, 17): (-2, 3, 6)
(1, 0, 3, 20, 34): (-1, 3, 6)
(1, 0, 3, 20, 51): (-2, 3, 6)
(1, 0, 3, 20, 68): (-2, 3, 6)
(1, 0, 3, 20, 85): (-3, 3, 6)
(1, 0, 0, 0, 12): (-4, 1, 3)
(1, 0, 0, 8, 12): (6, 3, 4)
(1, 0, 0, 9, 12): (6, 3, 4)
(1, 0, 0, 18, 0): (-3, 2, 1)
(1, 0, 0, 20, 1): (3, 2, 3)
(1, 0, 0, 20, 2): (0, 0, 1)
(1, 0, 0, 20, 3): (0, 0, 1)
(1, 0, 0, 20, 6): (-1, 2, 3)
(1, 0, 0, 20, 7): (-2, 3, 4)
(1, 0, 0, 20, 12): (1, 3, 4)
(1, 0, 0, 20, 13): (-4, 3, 4)
(1, 0, 0, 20, 15): (-2, 3, 4)
(1, 0, 0, 20, 30): (-2, 3, 4)
(1, 0, 0, 20, 45): (-3, 3, 4)
(1, 0, 0, 20, 60): (-5, 3, 4)
(1, 0, 0, 20, 16): (-5, 3, 4)
(1, 0, 5, 0, 0): (1, 2, -1)
(1, 0, 5, 0, 1): (2, 2, 3)
(1, 0, 5, 0, 2): (2, 2, 3)
(1, 0, 5, 0, 3): (2, 2, 3)
(1, 0, 5, 0, 5): (-3, 1, 3)
(1, 0, 5, 0, 6): (2, 5, 6)
(1, 0, 5, 0, 7): (-1, 2, 3)
(1, 0, 5, 0, 11): (5, 5, 6)
(1, 0, 5, 0, 12): (6, 6, 10000000000000.0)
(1, 0, 5, 0, 24): (1, 6, 10000000000000.0)
(1, 0, 5, 0, 14): (0, 5, 6)
(1, 0, 5, 0, 28): (0, 5, 6)
(1, 0, 5, 0, 42): (-1, 5, 6)
(1, 0, 5, 0, 56): (0, 6, 10000000000000.0)
(1, 0, 5, 0, 15): (0, 6, 10000000000000.0)
(1, 0, 5, 0, 16): (1, 6, 10000000000000.0)
(1, 0, 5, 0, 32): (1, 6, 10000000000000.0)
(1, 0, 5, 0, 48): (0, 6, 10000000000000.0)
(1, 0, 5, 8, 0): (3, 8, 6)
(1, 0, 5, 8, 1): (5, 5, 6)
(1, 0, 5, 8, 2): (5, 5, 6)
(1, 0, 5, 8, 3): (5, 5, 6)
(1, 0, 5, 8, 6): (5, 5, 6)
(1, 0, 5, 8, 7): (5, 5, 6)
(1, 0, 5, 8, 11): (8, 5, 6)
(1, 0, 5, 17, 0): (4, 8, 6)
(1, 0, 5, 19, 0): (-2, 3, 6)
(1, 0, 5, 19, 1): (0, 3, 6)
(1, 0, 5, 19, 2): (0, 3, 6)
(1, 0, 5, 19, 3): (0, 3, 6)
(1, 0, 5, 19, 6): (0, 3, 6)
(1, 0, 5, 19, 7): (0, 3, 6)
(1, 0, 5, 19, 11): (3, 3, 6)
(1, 0, 5, 19, 12): (3, 3, 6)
(1, 0, 5, 19, 24): (-2, 3, 6)
(1, 0, 5, 19, 14): (0, 3, 6)
(1, 0, 5, 19, 28): (0, 3, 6)
(1, 0, 5, 19, 42): (-1, 3, 6)
(1, 0, 5, 19, 56): (-3, 3, 6)
(1, 0, 5, 19, 15): (-3, 3, 6)
(1, 0, 5, 19, 16): (-2, 3, 6)
(1, 0, 5, 19, 32): (-2, 3, 6)
(1, 0, 5, 19, 48): (-3, 3, 6)
(1, 0, 0, 0, 11): (-4, 1, 3)
(1, 0, 0, 0, 24): (-3, 1, 3)
(1, 0, 0, 0, 56): (-3, 5, 6)
(1, 0, 0, 0, 70): (-2, 5, 6)
(1, 0, 0, 8, 10): (6, 3, 4)
(1, 0, 0, 16, 0): (2, 6, 4)
(1, 0, 0, 0, 10): (-4, 1, 3)
(1, 0, 0, 18, 1): (0, 0, 1)
(1, 0, 0, 18, 2): (0, 0, 1)
(1, 0, 0, 18, 3): (0, 1, 3)
(1, 0, 0, 18, 5): (-3, 1, 3)
(1, 0, 0, 18, 7): (3, 1, 3)
(1, 0, 0, 18, 10): (1, 3, 4)
(1, 0, 0, 18, 11): (1, 3, 4)
(1, 0, 0, 18, 22): (-4, 3, 4)
(1, 0, 0, 18, 13): (-5, 3, 4)
(1, 0, 0, 18, 26): (-2, 3, 4)
(1, 0, 0, 18, 39): (-5, 3, 4)
(1, 0, 0, 18, 52): (-2, 3, 4)
(1, 0, 0, 18, 65): (-3, 3, 4)
(1, 0, 0, 18, 78): (-5, 3, 4)
(1, 0, 0, 18, 15): (-4, 3, 4)
(1, 0, 0, 18, 30): (-4, 3, 4)
(1, 0, 0, 18, 45): (-5, 3, 4)
(1, 0, 6, 0, 0): (4, 7, 5)
(1, 0, 6, 0, 1): (2, 5, 6)
(1, 0, 6, 0, 2): (2, 5, 6)
(1, 0, 6, 0, 3): (2, 5, 6)
(1, 0, 6, 0, 5): (2, 5, 6)
(1, 0, 6, 0, 7): (2, 5, 6)
(1, 0, 6, 0, 10): (5, 5, 6)
(1, 0, 6, 0, 11): (5, 5, 6)
(1, 0, 6, 0, 22): (0, 5, 6)
(1, 0, 6, 0, 13): (2, 8, 9)
(1, 0, 6, 0, 26): (5, 8, 9)
(1, 0, 6, 0, 39): (2, 8, 9)
(1, 0, 6, 0, 52): (5, 8, 9)
(1, 0, 6, 0, 65): (4, 8, 9)
(1, 0, 6, 0, 78): (-1, 8, 9)
(1, 0, 6, 0, 15): (3, 8, 9)
(1, 0, 6, 16, 0): (4, 9, 9)
(1, 0, 6, 16, 1): (6, 6, 9)
(1, 0, 6, 16, 2): (6, 6, 9)
(1, 0, 6, 16, 3): (6, 6, 9)
(1, 0, 6, 16, 5): (6, 6, 9)
(1, 0, 6, 16, 7): (6, 6, 9)
(1, 0, 6, 16, 10): (9, 6, 9)
(1, 0, 6, 17, 0): (-2, 3, 8)
(1, 0, 6, 17, 1): (0, 3, 8)
(1, 0, 6, 17, 2): (0, 3, 8)
(1, 0, 6, 17, 3): (0, 3, 8)
(1, 0, 6, 17, 5): (0, 3, 8)
(1, 0, 6, 17, 7): (0, 3, 8)
(1, 0, 6, 17, 10): (3, 3, 8)
(1, 0, 6, 17, 11): (3, 3, 8)
(1, 0, 6, 17, 22): (-2, 3, 8)
(1, 0, 6, 17, 13): (-3, 3, 8)
(1, 0, 6, 17, 26): (0, 3, 8)
(1, 0, 6, 17, 39): (-3, 3, 8)
(1, 0, 6, 17, 52): (0, 3, 8)
(1, 0, 6, 17, 65): (-1, 3, 8)
(1, 0, 6, 17, 78): (-3, 3, 8)
(1, 0, 6, 17, 15): (-2, 3, 8)
(1, 0, 0, 0, 39): (-5, 1, 3)
(1, 0, 0, 0, 52): (-1, 6, 8)
(1, 0, 7, 0, 0): (-2, 3, 3)
(1, 0, 7, 0, 1): (0, 2, 3)
(1, 0, 7, 0, 2): (2, 5, 6)
(1, 0, 7, 0, 3): (0, 2, 3)
(1, 0, 7, 0, 5): (2, 5, 6)
(1, 0, 7, 0, 6): (2, 5, 6)
(1, 0, 7, 0, 9): (-1, 5, 6)
(1, 0, 7, 0, 10): (5, 5, 6)
(1, 0, 7, 0, 11): (5, 5, 6)
(1, 0, 7, 0, 22): (0, 5, 6)
(1, 0, 7, 0, 13): (0, 3, 10000000000000.0)
(1, 0, 7, 0, 26): (0, 3, 10000000000000.0)
(1, 0, 7, 0, 39): (-1, 3, 10000000000000.0)
(1, 0, 7, 0, 52): (-3, 3, 10000000000000.0)
(1, 0, 7, 0, 15): (-2, 3, 10000000000000.0)
(1, 0, 7, 0, 30): (-2, 3, 10000000000000.0)
(1, 0, 7, 0, 45): (-3, 3, 10000000000000.0)
(1, 0, 10, 0, 0): (7, 10, 6)
(1, 0, 10, 0, 1): (5, 5, 6)
(1, 0, 10, 0, 3): (5, 5, 6)
(1, 0, 10, 0, 5): (5, 5, 6)
(1, 0, 10, 0, 6): (5, 5, 6)
(1, 0, 10, 0, 7): (5, 5, 6)
(1, 0, 10, 0, 10): (1, 5, 6)
(1, 0, 10, 0, 20): (-3, 5, 6)
(1, 0, 10, 0, 30): (1, 5, 6)
(1, 0, 10, 0, 40): (4, 5, 6)
(1, 0, 10, 0, 11): (6, 5, 10000000000000.0)
(1, 0, 10, 0, 22): (1, 6, 10000000000000.0)
(1, 0, 10, 0, 13): (3, 6, 10000000000000.0)
(1, 0, 10, 0, 26): (3, 6, 10000000000000.0)
(1, 0, 10, 0, 39): (2, 6, 10000000000000.0)
(1, 0, 10, 0, 52): (0, 6, 10000000000000.0)
(1, 0, 10, 0, 15): (1, 6, 10000000000000.0)
(1, 0, 10, 0, 45): (0, 6, 10000000000000.0)
(1, 0, 10, 17, 0): (6, 10, 6)
(1, 0, 10, 23, 0): (9, 12, 6)
(1, 0, 10, 24, 0): (9, 12, 6)
(1, 0, 10, 25, 0): (9, 12, 6)
(1, 0, 10, 26, 0): (9, 12, 6)
(1, 0, 10, 27, 0): (9, 12, 6)
(1, 0, 10, 28, 0): (9, 12, 6)
(1, 0, 10, 28, 1): (3, 3, 6)
(1, 0, 10, 28, 3): (3, 3, 6)
(1, 0, 10, 28, 5): (3, 3, 6)
(1, 0, 10, 28, 6): (3, 3, 6)
(1, 0, 10, 28, 7): (3, 3, 6)
(1, 0, 10, 28, 10): (-1, 3, 6)
(1, 0, 10, 28, 20): (-5, 3, 6)
(1, 0, 10, 28, 30): (-1, 3, 6)
(1, 0, 10, 28, 40): (2, 3, 6)
(1, 0, 10, 28, 11): (6, 5, 6)
(1, 0, 10, 29, 0): (9, 12, 6)
(1, 0, 10, 30, 0): (4, 7, 6)
(1, 0, 10, 31, 0): (9, 12, 6)
(1, 0, 0, 0, 33): (-5, 1, 3)
(1, 0, 11, 0, 0): (4, 7, 5)
(1, 0, 11, 0, 1): (3, 6, 10000000000000.0)
(1, 0, 11, 0, 2): (3, 6, 10000000000000.0)
(1, 0, 11, 0, 3): (3, 6, 10000000000000.0)
(1, 0, 11, 0, 6): (3, 6, 10000000000000.0)
(1, 0, 11, 0, 7): (3, 6, 10000000000000.0)
(1, 0, 11, 0, 10): (6, 6, 10000000000000.0)
(1, 0, 11, 0, 11): (2, 6, 10000000000000.0)
(1, 0, 11, 0, 22): (-5, 6, 10000000000000.0)
(1, 0, 11, 0, 33): (2, 6, 10000000000000.0)
(1, 0, 11, 0, 44): (-1, 6, 10000000000000.0)
(1, 0, 11, 0, 13): (3, 6, 10000000000000.0)
(1, 0, 11, 0, 26): (3, 6, 10000000000000.0)
(1, 0, 11, 0, 39): (2, 6, 10000000000000.0)
(1, 0, 11, 0, 52): (0, 6, 10000000000000.0)
(1, 0, 22, 0, 0): (-1, 6, 0)
(1, 0, 22, 0, 1): (-2, 6, 10000000000000.0)
(1, 0, 22, 0, 2): (-2, 6, 10000000000000.0)
(1, 0, 22, 0, 3): (-2, 6, 10000000000000.0)
(1, 0, 22, 0, 5): (-2, 6, 10000000000000.0)
(1, 0, 22, 0, 6): (-2, 6, 10000000000000.0)
(1, 0, 22, 0, 10): (1, 6, 10000000000000.0)
(1, 0, 22, 0, 11): (1, 6, 10000000000000.0)
(1, 0, 22, 0, 22): (-1, 6, 10000000000000.0)
(1, 0, 22, 0, 13): (-2, 6, 10000000000000.0)
(1, 0, 22, 0, 26): (-2, 6, 10000000000000.0)
(1, 0, 22, 0, 39): (-3, 6, 10000000000000.0)
(1, 0, 22, 0, 52): (-5, 6, 10000000000000.0)
(1, 0, 22, 0, 15): (-4, 6, 10000000000000.0)
(1, 0, 22, 0, 30): (-4, 6, 10000000000000.0)
(1, 0, 22, 0, 45): (-5, 6, 10000000000000.0)
(1, 0, 0, 0, 65): (-4, 6, 10000000000000.0)
(1, 0, 0, 0, 78): (0, 6, 8)
(1, 0, 0, 0, 91): (-6, 6, 10000000000000.0)
(1, 0, 13, 0, 0): (1, 6, 3)
(1, 0, 13, 0, 1): (0, 6, 10000000000000.0)
(1, 0, 13, 0, 2): (0, 6, 10000000000000.0)
(1, 0, 13, 0, 5): (0, 6, 10000000000000.0)
(1, 0, 13, 0, 6): (0, 6, 10000000000000.0)
(1, 0, 13, 0, 7): (0, 6, 10000000000000.0)
(1, 0, 13, 0, 10): (3, 6, 10000000000000.0)
(1, 0, 13, 0, 11): (3, 6, 10000000000000.0)
(1, 0, 13, 0, 22): (-2, 6, 10000000000000.0)
(1, 0, 13, 0, 13): (-4, 6, 10000000000000.0)
(1, 0, 13, 0, 26): (-3, 6, 10000000000000.0)
(1, 0, 13, 0, 39): (-4, 6, 10000000000000.0)
(1, 0, 13, 0, 52): (-6, 6, 10000000000000.0)
(1, 0, 13, 0, 14): (-3, 6, 10000000000000.0)
(1, 0, 13, 0, 15): (-2, 6, 10000000000000.0)
(1, 0, 13, 0, 30): (-2, 6, 10000000000000.0)
(1, 0, 13, 0, 45): (-3, 6, 10000000000000.0)
(1, 0, 26, 0, 0): (-3, 6, 2)
(1, 0, 26, 0, 1): (3, 6, 9)
(1, 0, 26, 0, 3): (0, 6, 10000000000000.0)
(1, 0, 26, 0, 5): (3, 6, 9)
(1, 0, 26, 0, 6): (3, 6, 9)
(1, 0, 26, 0, 7): (3, 6, 9)
(1, 0, 26, 0, 10): (6, 6, 9)
(1, 0, 26, 0, 11): (6, 6, 9)
(1, 0, 26, 0, 22): (1, 6, 9)
(1, 0, 26, 0, 13): (0, 6, 9)
(1, 0, 26, 0, 26): (-1, 6, 9)
(1, 0, 26, 0, 39): (-3, 6, 10000000000000.0)
(1, 0, 26, 0, 52): (0, 6, 9)
(1, 0, 26, 0, 65): (-2, 6, 10000000000000.0)
(1, 0, 26, 0, 78): (-1, 6, 9)
(1, 0, 26, 0, 91): (-3, 6, 10000000000000.0)
(1, 0, 26, 0, 104): (-3, 6, 9)
(1, 0, 26, 0, 14): (1, 6, 9)
(1, 0, 26, 0, 15): (-2, 6, 10000000000000.0)
(1, 0, 26, 0, 30): (-2, 6, 10000000000000.0)
(1, 0, 26, 0, 45): (-3, 6, 10000000000000.0)
(1, 0, 39, 0, 0): (0, 6, 2)
(1, 0, 39, 0, 1): (-1, 6, 10000000000000.0)
(1, 0, 39, 0, 2): (-1, 6, 10000000000000.0)
(1, 0, 39, 0, 3): (-1, 6, 10000000000000.0)
(1, 0, 39, 0, 5): (-1, 6, 10000000000000.0)
(1, 0, 39, 0, 6): (-1, 6, 10000000000000.0)
(1, 0, 39, 0, 7): (-1, 6, 10000000000000.0)
(1, 0, 39, 0, 10): (2, 6, 10000000000000.0)
(1, 0, 39, 0, 11): (2, 6, 10000000000000.0)
(1, 0, 39, 0, 22): (-3, 6, 10000000000000.0)
(1, 0, 39, 0, 13): (-4, 6, 10000000000000.0)
(1, 0, 39, 0, 26): (-3, 6, 10000000000000.0)
(1, 0, 39, 0, 39): (-5, 6, 10000000000000.0)
(1, 0, 39, 0, 52): (-3, 6, 10000000000000.0)
(1, 0, 39, 0, 65): (-6, 6, 10000000000000.0)
(1, 0, 39, 0, 78): (-4, 6, 10000000000000.0)
(1, 0, 39, 0, 91): (-3, 6, 10000000000000.0)
(1, 0, 39, 0, 14): (-4, 6, 10000000000000.0)
(1, 0, 39, 0, 15): (-3, 6, 10000000000000.0)
(1, 0, 39, 0, 30): (-3, 6, 10000000000000.0)
(1, 0, 39, 0, 45): (-4, 6, 10000000000000.0)
(1, 0, 52, 0, 0): (-3, 6, 2)
(1, 0, 52, 0, 1): (3, 6, 9)
(1, 0, 52, 0, 2): (-3, 6, 10000000000000.0)
(1, 0, 52, 0, 3): (3, 6, 9)
(1, 0, 52, 0, 5): (3, 6, 9)
(1, 0, 52, 0, 6): (3, 6, 9)
(1, 0, 52, 0, 7): (3, 6, 9)
(1, 0, 52, 0, 10): (6, 6, 9)
(1, 0, 52, 0, 11): (6, 6, 9)
(1, 0, 52, 0, 22): (1, 6, 9)
(1, 0, 52, 0, 13): (0, 6, 9)
(1, 0, 52, 0, 26): (-1, 6, 9)
(1, 0, 52, 0, 39): (-3, 6, 10000000000000.0)
(1, 0, 52, 0, 52): (-2, 6, 9)
(1, 0, 52, 0, 65): (-5, 6, 10000000000000.0)
(1, 0, 52, 0, 14): (1, 6, 9)
(1, 0, 52, 0, 15): (-5, 6, 10000000000000.0)
(1, 0, 52, 0, 30): (-5, 6, 10000000000000.0)
(1, 0, 52, 0, 45): (-6, 6, 10000000000000.0)
(1, 0, 0, 0, 98): (-6, 6, 10000000000000.0)
(1, 0, 0, 0, 112): (-7, 6, 10000000000000.0)
(1, 0, 14, 0, 0): (0, 6, 1)
(1, 0, 14, 0, 1): (-2, 6, 10000000000000.0)
(1, 0, 14, 0, 2): (-2, 6, 10000000000000.0)
(1, 0, 14, 0, 3): (-2, 6, 10000000000000.0)
(1, 0, 14, 0, 6): (-2, 6, 10000000000000.0)
(1, 0, 14, 0, 7): (-2, 6, 10000000000000.0)
(1, 0, 14, 0, 10): (1, 6, 10000000000000.0)
(1, 0, 14, 0, 11): (-4, 6, 10000000000000.0)
(1, 0, 14, 0, 13): (-5, 6, 10000000000000.0)
(1, 0, 14, 0, 14): (-5, 6, 10000000000000.0)
(1, 0, 14, 0, 28): (-7, 6, 10000000000000.0)
(1, 0, 14, 0, 42): (-6, 6, 10000000000000.0)
(1, 0, 14, 0, 56): (-5, 6, 10000000000000.0)
(1, 0, 14, 0, 70): (-4, 6, 10000000000000.0)
(1, 0, 14, 0, 84): (-4, 6, 10000000000000.0)
(1, 0, 14, 0, 98): (-6, 6, 10000000000000.0)
(1, 0, 14, 0, 112): (-7, 6, 10000000000000.0)
(1, 0, 14, 0, 126): (-4, 6, 10000000000000.0)
(1, 0, 14, 0, 140): (-5, 6, 10000000000000.0)
(1, 0, 14, 0, 154): (-4, 6, 10000000000000.0)
(1, 0, 14, 0, 168): (-6, 6, 10000000000000.0)
(1, 0, 14, 0, 182): (-3, 6, 10000000000000.0)
(1, 0, 14, 0, 29): (-2, 6, 10000000000000.0)
(1, 0, 14, 0, 58): (-2, 6, 10000000000000.0)
(1, 0, 14, 0, 87): (-3, 6, 10000000000000.0)
(1, 0, 14, 0, 116): (-5, 6, 10000000000000.0)
(1, 0, 28, 0, 0): (0, 6, 0)
(1, 0, 28, 0, 1): (1, 6, 7)
(1, 0, 28, 0, 2): (1, 6, 7)
(1, 0, 28, 0, 3): (1, 6, 7)
(1, 0, 28, 0, 5): (1, 6, 7)
(1, 0, 28, 0, 7): (1, 6, 7)
(1, 0, 28, 0, 10): (4, 6, 7)
(1, 0, 28, 0, 11): (4, 6, 7)
(1, 0, 28, 0, 22): (-1, 6, 7)
(1, 0, 28, 0, 13): (-2, 6, 7)
(1, 0, 28, 0, 14): (-2, 6, 7)
(1, 0, 28, 0, 28): (1, 6, 7)
(1, 0, 28, 0, 42): (-3, 6, 7)
(1, 0, 28, 0, 56): (1, 6, 7)
(1, 0, 28, 0, 70): (-1, 6, 7)
(1, 0, 28, 0, 84): (0, 6, 7)
(1, 0, 28, 0, 98): (-1, 6, 7)
(1, 0, 28, 0, 112): (-2, 6, 7)
(1, 0, 28, 0, 126): (-3, 6, 7)
(1, 0, 28, 0, 140): (-1, 6, 7)
(1, 0, 28, 0, 154): (-3, 6, 7)
(1, 0, 28, 0, 168): (-1, 6, 7)
(1, 0, 28, 0, 182): (-3, 6, 7)
(1, 0, 42, 0, 0): (-1, 6, -1)
(1, 0, 42, 0, 1): (3, 6, 10000000000000.0)
(1, 0, 42, 0, 2): (3, 6, 10000000000000.0)
(1, 0, 42, 0, 3): (3, 6, 10000000000000.0)
(1, 0, 42, 0, 5): (3, 6, 10000000000000.0)
(1, 0, 42, 0, 6): (3, 6, 10000000000000.0)
(1, 0, 42, 0, 7): (3, 6, 10000000000000.0)
(1, 0, 42, 0, 10): (6, 6, 10000000000000.0)
(1, 0, 42, 0, 11): (6, 6, 10000000000000.0)
(1, 0, 42, 0, 22): (1, 6, 10000000000000.0)
(1, 0, 42, 0, 13): (0, 6, 10000000000000.0)
(1, 0, 42, 0, 14): (1, 6, 10000000000000.0)
(1, 0, 42, 0, 28): (1, 6, 10000000000000.0)
(1, 0, 42, 0, 42): (-1, 6, 10000000000000.0)
(1, 0, 42, 0, 56): (1, 6, 10000000000000.0)
(1, 0, 42, 0, 70): (0, 6, 10000000000000.0)
(1, 0, 42, 0, 84): (0, 6, 10000000000000.0)
(1, 0, 42, 0, 98): (1, 6, 10000000000000.0)
(1, 0, 42, 0, 112): (2, 6, 10000000000000.0)
(1, 0, 42, 0, 126): (3, 6, 10000000000000.0)
(1, 0, 42, 0, 140): (3, 6, 10000000000000.0)
(1, 0, 42, 0, 154): (2, 6, 10000000000000.0)
(1, 0, 42, 0, 168): (1, 6, 10000000000000.0)
(1, 0, 42, 0, 182): (0, 6, 10000000000000.0)
(1, 0, 42, 0, 196): (-1, 6, 10000000000000.0)
(1, 0, 42, 0, 210): (1, 6, 10000000000000.0)
(1, 0, 42, 0, 224): (-1, 6, 10000000000000.0)
(1, 0, 42, 0, 26): (3, 6, 10000000000000.0)
(1, 0, 42, 0, 52): (3, 6, 10000000000000.0)
(1, 0, 42, 0, 78): (2, 6, 10000000000000.0)
(1, 0, 42, 0, 104): (0, 6, 10000000000000.0)
(1, 0, 0, 0, 104): (-1, 6, 8)
(1, 0, 0, 0, 130): (-1, 6, 8)
(1, 0, 0, 0, 156): (-2, 6, 8)
(1, 0, 0, 0, 182): (-3, 6, 8)
(1, 0, 26, 0, 2): (3, 6, 9)
(1, 0, 26, 0, 28): (1, 6, 9)
(1, 0, 26, 0, 42): (0, 6, 9)
(1, 0, 52, 0, 28): (1, 6, 9)
(1, 0, 52, 0, 42): (0, 6, 9)
(1, 0, 52, 0, 78): (0, 6, 9)
(1, 0, 52, 0, 104): (-1, 6, 9)
(1, 0, 52, 0, 130): (1, 6, 9)
(1, 0, 52, 0, 156): (-3, 6, 9)
(1, 0, 52, 0, 182): (0, 6, 9)
(1, 0, 52, 0, 208): (-1, 6, 9)
(1, 0, 78, 0, 0): (-3, 6, 1)
(1, 0, 78, 0, 1): (2, 6, 8)
(1, 0, 78, 0, 2): (2, 6, 8)
(1, 0, 78, 0, 3): (2, 6, 8)
(1, 0, 78, 0, 5): (2, 6, 8)
(1, 0, 78, 0, 6): (2, 6, 8)
(1, 0, 78, 0, 7): (2, 6, 8)
(1, 0, 78, 0, 10): (5, 6, 8)
(1, 0, 78, 0, 11): (5, 6, 8)
(1, 0, 78, 0, 22): (0, 6, 8)
(1, 0, 78, 0, 13): (-1, 6, 8)
(1, 0, 78, 0, 14): (0, 6, 8)
(1, 0, 78, 0, 28): (0, 6, 8)
(1, 0, 78, 0, 42): (-1, 6, 8)
(1, 0, 78, 0, 26): (2, 8, 10000000000000.0)
(1, 0, 78, 0, 52): (3, 8, 10000000000000.0)
(1, 0, 78, 0, 78): (5, 8, 10000000000000.0)
(1, 0, 78, 0, 104): (3, 8, 10000000000000.0)
(1, 0, 78, 0, 130): (0, 8, 10000000000000.0)
(1, 0, 78, 0, 156): (2, 8, 10000000000000.0)
(1, 0, 78, 0, 182): (3, 8, 10000000000000.0)
(1, 0, 78, 0, 25): (-1, 6, 8)
(1, 0, 78, 0, 50): (0, 6, 8)
(1, 0, 78, 0, 75): (-2, 6, 8)
(1, 0, 78, 0, 100): (0, 6, 8)
(1, 0, 78, 0, 125): (-3, 6, 8)
(1, 0, 78, 0, 150): (-1, 6, 8)
(1, 0, 78, 0, 175): (0, 6, 8)
(1, 0, 104, 0, 0): (-3, 6, -1)
(1, 0, 104, 0, 1): (0, 6, 10000000000000.0)
(1, 0, 104, 0, 2): (0, 6, 10000000000000.0)
(1, 0, 104, 0, 3): (0, 6, 10000000000000.0)
(1, 0, 104, 0, 5): (0, 6, 10000000000000.0)
(1, 0, 104, 0, 6): (0, 6, 10000000000000.0)
(1, 0, 104, 0, 7): (0, 6, 10000000000000.0)
(1, 0, 104, 0, 10): (3, 6, 10000000000000.0)
(1, 0, 104, 0, 11): (3, 6, 10000000000000.0)
(1, 0, 104, 0, 22): (-2, 6, 10000000000000.0)
(1, 0, 104, 0, 13): (-3, 6, 10000000000000.0)
(1, 0, 104, 0, 14): (-2, 6, 10000000000000.0)
(1, 0, 104, 0, 28): (-2, 6, 10000000000000.0)
(1, 0, 104, 0, 42): (-3, 6, 10000000000000.0)
(1, 0, 104, 0, 25): (-1, 6, 10000000000000.0)
(1, 0, 104, 0, 50): (0, 6, 10000000000000.0)
(1, 0, 104, 0, 75): (0, 6, 10000000000000.0)
(1, 0, 104, 0, 100): (-1, 6, 10000000000000.0)
(1, 0, 104, 0, 125): (-2, 6, 10000000000000.0)
(1, 0, 0, 0, 120): (-1, 6, 10000000000000.0)
(1, 0, 0, 0, 150): (-1, 6, 10000000000000.0)
(1, 0, 0, 0, 180): (-2, 6, 10000000000000.0)
(1, 0, 0, 0, 210): (-3, 6, 10000000000000.0)
(1, 0, 30, 0, 0): (-3, 6, 2)
(1, 0, 30, 0, 1): (3, 6, 10000000000000.0)
(1, 0, 30, 0, 2): (3, 6, 10000000000000.0)
(1, 0, 30, 0, 5): (3, 6, 10000000000000.0)
(1, 0, 30, 0, 6): (3, 6, 10000000000000.0)
(1, 0, 30, 0, 7): (3, 6, 10000000000000.0)
(1, 0, 30, 0, 10): (6, 6, 10000000000000.0)
(1, 0, 30, 0, 11): (6, 6, 10000000000000.0)
(1, 0, 30, 0, 22): (1, 6, 10000000000000.0)
(1, 0, 30, 0, 13): (0, 6, 10000000000000.0)
(1, 0, 30, 0, 14): (1, 6, 10000000000000.0)
(1, 0, 30, 0, 28): (1, 6, 10000000000000.0)
(1, 0, 30, 0, 42): (0, 6, 10000000000000.0)
(1, 0, 30, 0, 30): (-1, 6, 10000000000000.0)
(1, 0, 30, 0, 60): (0, 6, 10000000000000.0)
(1, 0, 30, 0, 90): (-1, 6, 10000000000000.0)
(1, 0, 30, 0, 120): (-3, 6, 10000000000000.0)
(1, 0, 60, 0, 0): (-3, 6, 2)
(1, 0, 60, 0, 1): (3, 6, 10000000000000.0)
(1, 0, 60, 0, 3): (3, 6, 10000000000000.0)
(1, 0, 60, 0, 5): (3, 6, 10000000000000.0)
(1, 0, 60, 0, 6): (3, 6, 10000000000000.0)
(1, 0, 60, 0, 7): (3, 6, 10000000000000.0)
(1, 0, 60, 0, 10): (6, 6, 10000000000000.0)
(1, 0, 60, 0, 11): (6, 6, 10000000000000.0)
(1, 0, 60, 0, 22): (1, 6, 10000000000000.0)
(1, 0, 60, 0, 13): (0, 6, 10000000000000.0)
(1, 0, 60, 0, 14): (1, 6, 10000000000000.0)
(1, 0, 60, 0, 28): (1, 6, 10000000000000.0)
(1, 0, 60, 0, 42): (0, 6, 10000000000000.0)
(1, 0, 60, 0, 30): (-1, 6, 10000000000000.0)
(1, 0, 60, 0, 60): (-2, 6, 10000000000000.0)
(1, 0, 60, 0, 90): (0, 6, 10000000000000.0)
(1, 0, 60, 0, 120): (-1, 6, 10000000000000.0)
(1, 0, 60, 0, 150): (1, 6, 10000000000000.0)
(1, 0, 60, 0, 180): (-3, 6, 10000000000000.0)
(1, 0, 60, 0, 210): (0, 6, 10000000000000.0)
(1, 0, 60, 0, 240): (-1, 6, 10000000000000.0)
(1, 0, 90, 0, 0): (-3, 6, 1)
(1, 0, 90, 0, 1): (2, 6, 10000000000000.0)
(1, 0, 90, 0, 2): (2, 6, 10000000000000.0)
(1, 0, 90, 0, 3): (2, 6, 10000000000000.0)
(1, 0, 90, 0, 5): (2, 6, 10000000000000.0)
(1, 0, 90, 0, 6): (2, 6, 10000000000000.0)
(1, 0, 90, 0, 7): (2, 6, 10000000000000.0)
(1, 0, 90, 0, 10): (5, 6, 10000000000000.0)
(1, 0, 90, 0, 11): (5, 6, 10000000000000.0)
(1, 0, 90, 0, 22): (0, 6, 10000000000000.0)
(1, 0, 90, 0, 13): (-1, 6, 10000000000000.0)
(1, 0, 90, 0, 14): (0, 6, 10000000000000.0)
(1, 0, 90, 0, 28): (0, 6, 10000000000000.0)
(1, 0, 90, 0, 42): (-1, 6, 10000000000000.0)
(1, 0, 90, 0, 29): (-1, 6, 10000000000000.0)
(1, 0, 90, 0, 58): (0, 6, 10000000000000.0)
(1, 0, 90, 0, 87): (-2, 6, 10000000000000.0)
(1, 0, 90, 0, 116): (0, 6, 10000000000000.0)
(1, 0, 90, 0, 145): (-3, 6, 10000000000000.0)
(1, 0, 90, 0, 174): (-1, 6, 10000000000000.0)
(1, 0, 90, 0, 203): (0, 6, 10000000000000.0)
(1, 0, 120, 0, 0): (-3, 6, -1)
(1, 0, 120, 0, 1): (0, 6, 10000000000000.0)
(1, 0, 120, 0, 2): (0, 6, 10000000000000.0)
(1, 0, 120, 0, 3): (0, 6, 10000000000000.0)
(1, 0, 120, 0, 5): (0, 6, 10000000000000.0)
(1, 0, 120, 0, 6): (0, 6, 10000000000000.0)
(1, 0, 120, 0, 7): (0, 6, 10000000000000.0)
(1, 0, 120, 0, 10): (3, 6, 10000000000000.0)
(1, 0, 120, 0, 11): (3, 6, 10000000000000.0)
(1, 0, 120, 0, 22): (-2, 6, 10000000000000.0)
(1, 0, 120, 0, 13): (-3, 6, 10000000000000.0)
(1, 0, 120, 0, 14): (-2, 6, 10000000000000.0)
(1, 0, 120, 0, 28): (-2, 6, 10000000000000.0)
(1, 0, 120, 0, 42): (-3, 6, 10000000000000.0)
(1, 0, 120, 0, 29): (-1, 6, 10000000000000.0)
(1, 0, 120, 0, 58): (0, 6, 10000000000000.0)
(1, 0, 120, 0, 87): (0, 6, 10000000000000.0)
(1, 0, 120, 0, 116): (-1, 6, 10000000000000.0)
(1, 0, 120, 0, 145): (-2, 6, 10000000000000.0)
(1, 8, 0, 0, 0): (-1, 7, 4)
(1, 8, 0, 0, 1): (0, 5, 6)
(1, 8, 0, 0, 2): (0, 5, 6)
(1, 8, 0, 0, 3): (0, 5, 6)
(1, 8, 0, 0, 5): (0, 5, 6)
(1, 8, 0, 0, 6): (0, 5, 6)
(1, 8, 0, 0, 7): (0, 5, 6)
(1, 8, 0, 20, 0): (4, 7, 6)
(1, 8, 0, 20, 1): (5, 5, 6)
(1, 8, 0, 20, 2): (5, 5, 6)
(1, 8, 0, 20, 3): (5, 5, 6)
(1, 8, 0, 20, 5): (5, 5, 6)
(1, 8, 0, 20, 6): (5, 5, 6)
(1, 8, 0, 20, 7): (5, 5, 6)
(1, 8, 0, 21, 0): (4, 8, 6)
(1, 8, 0, 21, 1): (7, 5, 6)
(1, 8, 0, 21, 2): (5, 5, 6)
(1, 8, 0, 21, 3): (5, 5, 6)
(1, 8, 0, 21, 5): (5, 5, 6)
(1, 8, 0, 21, 6): (5, 5, 6)
(1, 8, 0, 21, 7): (5, 5, 6)
(1, 8, 0, 0, 11): (3, 5, 6)
(1, 8, 0, 0, 22): (-2, 5, 6)
(1, 8, 0, 0, 14): (-2, 5, 6)
(1, 8, 0, 0, 28): (-2, 5, 6)
(1, 8, 0, 0, 42): (-3, 5, 6)
(1, 8, 0, 0, 30): (0, 3, 6)
(1, 8, 0, 0, 60): (0, 3, 6)
(1, 8, 0, 0, 90): (-1, 3, 6)
(1, 8, 0, 0, 120): (-1, 3, 6)
(1, 8, 0, 24, 0): (6, 9, 5)
(1, 8, 0, 25, 0): (6, 9, 5)
(1, 8, 0, 26, 0): (6, 9, 5)
(1, 8, 0, 27, 0): (6, 9, 5)
(1, 8, 0, 28, 0): (6, 9, 5)
(1, 8, 0, 30, 0): (6, 9, 5)
(1, 8, 0, 31, 0): (6, 9, 5)
(1, 8, 0, 0, 8): (-1, 3, 5)
(1, 8, 0, 0, 10): (3, 5, 6)
(1, 8, 0, 0, 29): (2, 5, 6)
(1, 8, 0, 0, 58): (2, 5, 6)
(1, 8, 0, 0, 87): (1, 5, 6)
(1, 8, 0, 0, 116): (1, 5, 6)
(1, 8, 0, 29, 0): (6, 9, 5)
(1, 8, 0, 20, 10): (8, 5, 6)
(1, 8, 0, 21, 10): (8, 5, 6)
(1, 8, 0, 0, 12): (0, 5, 6)
(1, 8, 0, 0, 56): (-3, 5, 6)
(1, 8, 0, 0, 84): (-3, 5, 6)
(1, 8, 0, 0, 112): (-1, 5, 6)
(1, 8, 1, 0, 0): (5, 8, 4)
(1, 8, 1, 0, 1): (6, 5, 6)
(1, 8, 1, 20, 0): (6, 9, 6)
(1, 8, 1, 0, 2): (2, 5, 6)
(1, 8, 1, 0, 3): (2, 5, 6)
(1, 8, 1, 0, 5): (2, 5, 6)
(1, 8, 1, 0, 6): (2, 5, 6)
(1, 8, 1, 0, 7): (2, 5, 6)
(1, 8, 1, 0, 10): (5, 5, 6)
(1, 8, 1, 0, 11): (5, 5, 6)
(1, 8, 1, 0, 22): (0, 5, 6)
(1, 8, 1, 0, 12): (-1, 5, 6)
(1, 8, 1, 0, 14): (0, 5, 6)
(1, 8, 1, 0, 28): (0, 5, 6)
(1, 8, 1, 0, 42): (-1, 5, 6)
(1, 8, 1, 0, 27): (2, 5, 6)
(1, 8, 1, 0, 54): (2, 5, 6)
(1, 8, 1, 0, 81): (1, 5, 6)
(1, 8, 1, 0, 108): (1, 5, 6)
(1, 8, 0, 0, 70): (-2, 5, 6)
(1, 8, 0, 0, 27): (0, 5, 6)
(1, 8, 0, 0, 54): (0, 5, 6)
(1, 8, 0, 0, 81): (-1, 5, 6)
(1, 8, 0, 0, 108): (-1, 5, 6)
(1, 8, 2, 0, 0): (4, 7, 4)
(1, 8, 2, 0, 1): (2, 5, 6)
(1, 8, 2, 0, 3): (2, 5, 6)
(1, 8, 2, 0, 5): (2, 5, 6)
(1, 8, 2, 0, 6): (2, 5, 6)
(1, 8, 2, 0, 7): (2, 5, 6)
(1, 8, 2, 0, 10): (5, 5, 6)
(1, 8, 2, 20, 0): (6, 9, 6)
(1, 8, 2, 0, 11): (5, 5, 6)
(1, 8, 2, 0, 22): (0, 5, 6)
(1, 8, 2, 0, 14): (0, 5, 6)
(1, 8, 2, 0, 28): (-1, 5, 6)
(1, 8, 2, 0, 42): (0, 5, 6)
(1, 8, 2, 0, 56): (-1, 5, 6)
(1, 8, 2, 0, 70): (0, 5, 6)
(1, 8, 2, 0, 84): (-1, 5, 6)
(1, 8, 2, 0, 27): (2, 5, 6)
(1, 8, 0, 0, 20): (1, 5, 6)
(1, 8, 0, 0, 24): (0, 5, 6)
(1, 8, 0, 0, 36): (-1, 5, 6)
(1, 8, 0, 0, 48): (0, 5, 6)
(1, 8, 0, 0, 13): (-3, 5, 6)
(1, 8, 3, 0, 0): (4, 7, 4)
(1, 8, 3, 0, 1): (2, 5, 6)
(1, 8, 3, 0, 2): (2, 5, 6)
(1, 8, 3, 0, 3): (6, 5, 6)
(1, 8, 3, 20, 0): (6, 9, 6)
(1, 8, 3, 0, 5): (2, 5, 6)
(1, 8, 3, 0, 6): (2, 5, 6)
(1, 8, 3, 0, 7): (2, 5, 6)
(1, 8, 3, 0, 10): (0, 5, 6)
(1, 8, 3, 0, 20): (5, 5, 6)
(1, 8, 3, 0, 11): (5, 5, 6)
(1, 8, 3, 0, 22): (0, 5, 6)
(1, 8, 3, 0, 12): (2, 5, 6)
(1, 8, 3, 0, 24): (2, 5, 6)
(1, 8, 3, 0, 36): (1, 5, 6)
(1, 8, 3, 0, 48): (-1, 5, 6)
(1, 8, 3, 0, 13): (-1, 5, 6)
(1, 8, 3, 0, 14): (0, 5, 6)
(1, 8, 3, 0, 28): (1, 5, 6)
(1, 8, 3, 0, 42): (0, 5, 6)
(1, 8, 3, 0, 56): (0, 5, 6)
(1, 8, 3, 0, 70): (-1, 5, 6)
(1, 8, 3, 0, 26): (2, 5, 6)
(1, 8, 3, 0, 52): (2, 5, 6)
(1, 8, 3, 0, 78): (1, 5, 6)
(1, 8, 3, 0, 104): (1, 5, 6)
(1, 8, 0, 0, 26): (-3, 5, 6)
(1, 8, 0, 0, 52): (0, 5, 6)
(1, 8, 0, 0, 78): (-3, 5, 6)
(1, 8, 0, 0, 104): (0, 5, 6)
(1, 8, 5, 0, 0): (4, 7, 4)
(1, 8, 5, 0, 1): (2, 5, 6)
(1, 8, 5, 0, 2): (2, 5, 6)
(1, 8, 5, 0, 3): (2, 5, 6)
(1, 8, 5, 0, 6): (2, 5, 6)
(1, 8, 5, 0, 7): (2, 5, 6)
(1, 8, 5, 0, 10): (5, 5, 6)
(1, 8, 5, 0, 11): (5, 5, 6)
(1, 8, 5, 0, 22): (0, 5, 6)
(1, 8, 5, 0, 13): (-1, 5, 6)
(1, 8, 5, 0, 14): (0, 5, 6)
(1, 8, 5, 0, 28): (0, 5, 6)
(1, 8, 5, 0, 42): (-1, 5, 6)
(1, 8, 5, 0, 26): (2, 5, 6)
(1, 8, 5, 0, 52): (2, 5, 6)
(1, 8, 5, 0, 78): (1, 5, 6)
(1, 8, 5, 0, 104): (1, 5, 6)
(1, 8, 0, 0, 130): (-1, 5, 6)
(1, 8, 0, 0, 156): (-1, 5, 6)
(1, 8, 6, 0, 0): (4, 7, 4)
(1, 8, 6, 0, 1): (2, 5, 6)
(1, 8, 6, 0, 2): (2, 5, 6)
(1, 8, 6, 0, 3): (2, 5, 6)
(1, 8, 6, 0, 5): (2, 5, 6)
(1, 8, 6, 0, 7): (2, 5, 6)
(1, 8, 6, 0, 10): (5, 5, 6)
(1, 8, 6, 0, 11): (5, 5, 6)
(1, 8, 6, 0, 22): (0, 5, 6)
(1, 8, 6, 0, 14): (0, 5, 6)
(1, 8, 6, 0, 26): (-1, 5, 6)
(1, 8, 6, 0, 52): (2, 5, 6)
(1, 8, 6, 0, 78): (-1, 5, 6)
(1, 8, 6, 0, 104): (2, 5, 6)
(1, 8, 6, 0, 130): (1, 5, 6)
(1, 8, 6, 0, 156): (1, 5, 6)
(1, 8, 0, 0, 25): (0, 5, 6)
(1, 8, 0, 0, 50): (0, 5, 6)
(1, 8, 0, 0, 75): (-1, 5, 6)
(1, 8, 0, 0, 100): (-1, 5, 6)
(1, 8, 7, 0, 0): (4, 7, 4)
(1, 8, 7, 0, 1): (2, 5, 6)
(1, 8, 7, 0, 2): (2, 5, 6)
(1, 8, 7, 0, 3): (2, 5, 6)
(1, 8, 7, 0, 5): (2, 5, 6)
(1, 8, 7, 0, 6): (2, 5, 6)
(1, 8, 7, 0, 9): (-1, 5, 6)
(1, 8, 7, 0, 10): (5, 5, 6)
(1, 8, 7, 0, 11): (5, 5, 6)
(1, 8, 7, 0, 22): (0, 5, 6)
(1, 8, 7, 0, 14): (0, 5, 6)
(1, 8, 7, 0, 28): (0, 5, 6)
(1, 8, 7, 0, 42): (-1, 5, 6)
(1, 8, 7, 0, 25): (2, 5, 6)
(1, 8, 7, 0, 50): (2, 5, 6)
(1, 8, 7, 0, 75): (1, 5, 6)
(1, 8, 7, 0, 100): (1, 5, 6)
(1, 8, 0, 0, 72): (-1, 5, 6)
(1, 8, 0, 0, 96): (-1, 5, 6)
(1, 8, 10, 0, 0): (7, 10, 6)
(1, 8, 10, 0, 1): (5, 5, 6)
(1, 8, 10, 0, 3): (5, 5, 6)
(1, 8, 10, 0, 5): (5, 5, 6)
(1, 8, 10, 0, 6): (5, 5, 6)
(1, 8, 10, 0, 7): (5, 5, 6)
(1, 8, 10, 0, 10): (1, 5, 6)
(1, 8, 10, 0, 20): (-3, 5, 6)
(1, 8, 10, 0, 30): (1, 5, 6)
(1, 8, 10, 0, 40): (4, 5, 6)
(1, 8, 10, 22, 0): (9, 12, 6)
(1, 8, 10, 23, 0): (9, 12, 6)
(1, 8, 10, 25, 0): (9, 12, 6)
(1, 8, 10, 26, 0): (9, 12, 6)
(1, 8, 10, 27, 0): (9, 12, 6)
(1, 8, 10, 28, 0): (9, 12, 6)
(1, 8, 10, 29, 0): (9, 12, 6)
(1, 8, 10, 31, 0): (9, 12, 6)
(1, 0, 0, 0, 92): (-6, 5, 6)
(1, 0, 0, 21, 11): (3, 3, 5)
(1, 0, 0, 21, 22): (-2, 1, 3)
(1, 0, 0, 21, 42): (-3, 3, 5)
(1, 0, 0, 21, 23): (0, 3, 5)
(1, 0, 0, 21, 46): (0, 3, 5)
(1, 0, 0, 21, 69): (-1, 3, 5)
(1, 0, 0, 21, 92): (-3, 3, 5)
(1, 0, 0, 42, 0): (6, 10, 3)
(1, 0, 0, 25, 0): (6, 7, 3)
(1, 0, 0, 26, 0): (6, 7, 3)
(1, 0, 0, 27, 0): (6, 7, 3)
(1, 0, 0, 28, 0): (6, 7, 3)
(1, 0, 0, 0, 8): (-2, 1, 3)
(1, 0, 1, 0, 10): (-5, 0, 3)
(1, 0, 1, 0, 11): (5, 5, 6)
(1, 0, 1, 0, 22): (0, 5, 6)
(1, 0, 1, 0, 12): (-1, 5, 6)
(1, 0, 1, 0, 42): (-1, 5, 6)
(1, 0, 1, 0, 23): (2, 5, 6)
(1, 0, 1, 0, 46): (2, 5, 6)
(1, 0, 1, 0, 69): (1, 5, 6)
(1, 0, 1, 0, 92): (-4, 5, 6)
(1, 0, 2, 0, 10): (5, 5, 6)
(1, 0, 2, 0, 11): (5, 5, 6)
(1, 0, 2, 0, 22): (0, 5, 6)
(1, 0, 2, 0, 42): (0, 5, 6)
(1, 0, 2, 0, 56): (-1, 5, 6)
(1, 0, 2, 0, 70): (0, 5, 6)
(1, 0, 2, 0, 84): (-1, 5, 6)
(1, 0, 2, 0, 23): (2, 5, 6)
(1, 0, 3, 0, 10): (0, 5, 6)
(1, 0, 3, 0, 20): (5, 5, 6)
(1, 0, 3, 0, 11): (5, 5, 6)
(1, 0, 3, 0, 22): (0, 5, 6)
(1, 0, 3, 0, 36): (1, 5, 6)
(1, 0, 3, 0, 48): (-1, 5, 6)
(1, 0, 3, 0, 70): (-1, 5, 6)
(1, 0, 3, 0, 23): (2, 5, 6)
(1, 0, 3, 0, 46): (2, 5, 6)
(1, 0, 3, 0, 69): (1, 5, 6)
(1, 0, 3, 0, 92): (-4, 5, 6)
(1, 0, 0, 0, 88): (0, 5, 6)
(1, 0, 0, 21, 10): (8, 5, 6)
(1, 0, 0, 23, 10): (-4, 1, 3)
(1, 0, 0, 24, 1): (1, 0, 3)
(1, 0, 0, 24, 2): (1, 1, 3)
(1, 0, 0, 24, 3): (1, 1, 3)
(1, 0, 0, 24, 6): (5, 5, 6)
(1, 0, 0, 24, 7): (-2, 0, 1)
(1, 0, 0, 24, 10): (-7, 0, 1)
(1, 0, 0, 26, 1): (5, 5, 6)
(1, 0, 0, 26, 2): (5, 5, 6)
(1, 0, 0, 26, 3): (5, 5, 6)
(1, 0, 0, 26, 6): (5, 5, 6)
(1, 0, 0, 26, 7): (5, 5, 6)
(1, 0, 0, 26, 10): (8, 5, 6)
(1, 0, 0, 27, 1): (5, 5, 6)
(1, 0, 0, 27, 2): (5, 5, 6)
(1, 0, 0, 27, 3): (5, 5, 6)
(1, 0, 0, 27, 6): (5, 5, 6)
(1, 0, 0, 27, 7): (5, 5, 6)
(1, 0, 0, 27, 10): (8, 5, 6)
(1, 0, 5, 0, 10): (5, 5, 6)
(1, 0, 5, 21, 0): (-6, 0, 3)
(1, 0, 5, 23, 0): (6, 9, 6)
(1, 0, 5, 25, 0): (6, 9, 6)
(1, 0, 5, 26, 0): (6, 9, 6)
(1, 0, 5, 0, 22): (2, 5, 6)
(1, 0, 5, 0, 13): (-1, 5, 6)
(1, 0, 5, 0, 44): (2, 5, 6)
(1, 0, 5, 0, 66): (1, 5, 6)
(1, 0, 5, 0, 88): (-4, 5, 6)
(1, 0, 0, 25, 1): (-2, -3, 3)
(1, 0, 0, 25, 2): (-2, -2, 3)
(1, 0, 0, 25, 3): (-2, -2, 3)
(1, 0, 0, 25, 5): (-5, 0, 1)
(1, 0, 0, 25, 7): (1, 0, 3)
(1, 0, 0, 25, 10): (-4, 1, 3)
(1, 0, 0, 26, 5): (5, 5, 6)
(1, 0, 0, 0, 110): (-1, 5, 6)
(1, 0, 0, 0, 132): (-6, 5, 6)
(1, 0, 6, 0, 6): (6, 5, 6)
(1, 0, 6, 21, 0): (6, 9, 6)
(1, 0, 6, 22, 0): (6, 9, 6)
(1, 0, 6, 24, 0): (6, 9, 6)
(1, 0, 6, 25, 0): (6, 9, 6)
(1, 0, 6, 0, 14): (0, 5, 6)
(1, 0, 6, 0, 21): (-1, 5, 6)
(1, 0, 6, 0, 42): (2, 5, 6)
(1, 0, 6, 0, 63): (-1, 5, 6)
(1, 0, 6, 0, 84): (2, 5, 6)
(1, 0, 6, 0, 105): (1, 5, 6)
(1, 0, 6, 0, 126): (-4, 5, 6)
(1, 0, 0, 22, 1): (3, 2, 3)
(1, 0, 0, 22, 10): (8, 5, 6)
(1, 0, 0, 24, 5): (-5, 0, 1)
(1, 0, 0, 25, 6): (-6, -2, 3)
(1, 0, 7, 22, 0): (2, 4, 3)
(1, 0, 7, 23, 0): (-3, 3, 3)
(1, 0, 7, 24, 0): (2, 4, 3)
(1, 0, 7, 0, 14): (-8, 2, 3)
(1, 0, 7, 0, 28): (-4, 2, 3)
(1, 0, 7, 0, 42): (2, 5, 6)
(1, 0, 7, 0, 21): (-1, 2, 3)
(1, 0, 7, 0, 63): (1, 5, 6)
(1, 0, 7, 0, 84): (-4, 5, 6)
(1, 0, 10, 30, 1): (5, 5, 6)
(1, 0, 10, 30, 3): (5, 5, 6)
(1, 0, 10, 30, 5): (5, 5, 6)
(1, 0, 10, 30, 6): (5, 5, 6)
(1, 0, 10, 30, 7): (5, 5, 6)
(1, 0, 10, 30, 10): (1, 5, 6)
(1, 0, 10, 30, 20): (-3, 5, 6)
(1, 0, 10, 30, 30): (1, 5, 6)
(1, 0, 10, 30, 40): (4, 5, 6)
(1, 0, 10, 60, 0): (11, 14, 6)
(1, 21, 0, 0, 0): (-3, 3, -2)
(1, 21, 0, 0, 1): (-5, 3, 4)
(1, 21, 0, 0, 2): (-5, 3, 4)
(1, 21, 0, 0, 3): (-1, 0, 1)
(1, 21, 0, 0, 5): (-5, 3, 4)
(1, 21, 0, 0, 6): (-5, 3, 4)
(1, 21, 0, 0, 7): (-5, 0, 1)
(1, 21, 0, 0, 11): (-8, 3, 4)
(1, 21, 0, 0, 22): (-5, 0, 4)
(1, 21, 0, 0, 14): (-7, 0, 1)
(1, 21, 0, 0, 28): (-5, 0, 1)
(1, 21, 0, 0, 42): (-5, 0, 1)
(1, 21, 0, 0, 21): (-5, 0, 1)
(1, 21, 0, 0, 63): (-6, 0, 1)
(1, 21, 0, 0, 84): (-8, 0, 1)
(1, 21, 0, 22, 0): (-2, 3, 5)
(1, 21, 0, 22, 1): (0, 3, 5)
(1, 21, 0, 22, 2): (0, 0, 1)
(1, 21, 0, 22, 3): (0, 0, 1)
(1, 21, 0, 22, 5): (0, 3, 5)
(1, 21, 0, 22, 6): (0, 3, 5)
(1, 21, 0, 22, 7): (0, 0, 1)
(1, 21, 0, 23, 0): (2, 7, 5)
(1, 21, 0, 23, 1): (4, 4, 5)
(1, 21, 0, 23, 2): (4, 4, 5)
(1, 21, 0, 23, 3): (2, 2, 3)
(1, 21, 0, 23, 5): (4, 4, 5)
(1, 21, 0, 23, 6): (4, 4, 5)
(1, 21, 0, 23, 7): (2, 2, 3)
(1, 21, 0, 25, 0): (-3, 2, 1)
(1, 21, 0, 26, 0): (-2, 3, 1)
(1, 21, 0, 27, 0): (-2, 3, 1)
(1, 21, 0, 28, 0): (1, 4, 0)
(1, 21, 0, 29, 0): (0, 3, 0)
(1, 21, 0, 30, 0): (1, 4, 0)
(1, 21, 0, 60, 0): (5, 9, -2)
(1, 21, 0, 90, 0): (-2, 2, -2)
(1, 21, 0, 120, 0): (6, 10, -2)
(1, 21, 0, 31, 0): (1, 4, 0)
(1, 21, 0, 0, 8): (-6, -2, 3)
(1, 21, 0, 0, 10): (-2, 3, 4)
(1, 21, 0, 22, 8): (-1, 2, 3)
(1, 21, 0, 22, 10): (-2, 3, 5)
(1, 21, 0, 23, 8): (-1, 2, 3)
(1, 21, 0, 23, 10): (5, 2, 3)
(1, 21, 0, 24, 0): (-2, 3, 1)
(1, 21, 0, 29, 1): (1, -1, 0)
(1, 21, 0, 58, 0): (7, 10, 0)
(1, 21, 0, 87, 0): (0, 3, 0)
(1, 21, 0, 87, 1): (1, -1, 0)
(1, 21, 0, 116, 0): (8, 11, 0)
(1, 21, 0, 0, 12): (-5, 3, 6)
(1, 21, 1, 0, 0): (-3, 2, 0)
(1, 21, 1, 0, 2): (-3, 0, 3)
(1, 21, 1, 0, 3): (-3, 0, 3)
(1, 21, 1, 0, 5): (-3, 0, 3)
(1, 21, 1, 0, 6): (-3, 0, 3)
(1, 21, 1, 0, 7): (-3, 0, 3)
(1, 21, 1, 0, 10): (0, 0, 3)
(1, 21, 1, 0, 1): (-3, 1, 6)
(1, 21, 1, 0, 11): (0, 0, 3)
(1, 21, 1, 0, 22): (-5, 0, 3)
(1, 21, 1, 0, 12): (-6, 0, 3)
(1, 21, 1, 0, 14): (-5, 0, 3)
(1, 21, 1, 0, 28): (-5, 0, 3)
(1, 21, 1, 0, 42): (-3, 0, 3)
(1, 21, 1, 0, 21): (-3, 0, 3)
(1, 21, 1, 0, 63): (-4, 0, 3)
(1, 21, 1, 0, 84): (-6, 0, 3)
(1, 21, 1, 22, 0): (1, 5, 3)
(1, 21, 1, 22, 2): (2, 2, 3)
(1, 21, 1, 22, 3): (2, 2, 3)
(1, 21, 1, 22, 5): (2, 2, 3)
(1, 21, 1, 22, 6): (2, 2, 3)
(1, 21, 1, 22, 7): (2, 2, 3)
(1, 21, 1, 22, 10): (5, 2, 3)
(1, 21, 0, 0, 4): (-5, 3, 4)
(1, 21, 0, 0, 9): (-2, 3, 4)
(1, 21, 0, 0, 18): (-4, 0, 1)
(1, 21, 0, 0, 20): (-5, 3, 4)
(1, 21, 0, 0, 33): (-6, 0, 4)
(1, 21, 0, 0, 44): (-8, 0, 4)
(1, 21, 0, 0, 13): (-7, 3, 4)
(1, 21, 0, 0, 26): (-7, 3, 4)
(1, 21, 0, 0, 39): (-8, 3, 4)
(1, 21, 0, 0, 52): (-1, 4, 6)
(1, 21, 0, 0, 30): (-1, 3, 5)
(1, 21, 2, 0, 0): (-2, 2, 0)
(1, 21, 2, 0, 1): (-3, 0, 6)
(1, 21, 2, 0, 4): (-3, 0, 6)
(1, 21, 2, 0, 5): (-3, 0, 6)
(1, 21, 2, 0, 6): (-3, 0, 6)
(1, 21, 2, 0, 9): (-5, 0, 6)
(1, 21, 2, 0, 18): (0, 0, 6)
(1, 21, 2, 0, 10): (0, 0, 6)
(1, 21, 2, 0, 20): (-3, 0, 6)
(1, 21, 2, 0, 11): (-3, 0, 6)
(1, 21, 2, 0, 22): (-3, 0, 6)
(1, 21, 2, 0, 33): (-4, 0, 6)
(1, 21, 2, 0, 44): (-6, 0, 6)
(1, 21, 2, 0, 12): (-6, 0, 6)
(1, 21, 2, 0, 13): (-5, 0, 6)
(1, 21, 2, 0, 26): (-4, 0, 6)
(1, 21, 2, 0, 39): (-5, 0, 6)
(1, 21, 2, 0, 52): (-5, 0, 6)
(1, 21, 2, 0, 65): (-6, 0, 6)
(1, 21, 2, 0, 40): (-3, 0, 6)
(1, 21, 2, 0, 60): (-4, 0, 6)
(1, 21, 2, 0, 80): (-6, 0, 6)
(1, 21, 2, 0, 30): (-3, 0, 6)
(1, 21, 0, 0, 40): (-5, 3, 4)
(1, 21, 0, 0, 60): (-6, 3, 4)
(1, 21, 0, 0, 80): (-8, 3, 4)
(1, 21, 0, 0, 29): (-2, 1, 4)
(1, 21, 0, 22, 9): (3, 3, 5)
(1, 21, 0, 23, 9): (7, 4, 5)
(1, 21, 0, 24, 1): (0, 0, 1)
(1, 21, 0, 24, 2): (0, 0, 1)
(1, 21, 0, 24, 5): (0, 0, 1)
(1, 21, 0, 24, 6): (0, 0, 1)
(1, 21, 0, 24, 9): (3, 0, 1)
(1, 21, 0, 25, 1): (-1, 0, 1)
(1, 21, 0, 25, 5): (-1, 0, 1)
(1, 21, 0, 25, 6): (-1, 0, 1)
(1, 21, 0, 25, 9): (2, 0, 1)
(1, 21, 0, 50, 0): (4, 8, 1)
(1, 21, 0, 75, 0): (-3, 2, 1)
(1, 21, 0, 75, 1): (-1, 0, 1)
(1, 21, 0, 75, 2): (-1, 0, 1)
(1, 21, 0, 75, 5): (-1, 0, 1)
(1, 21, 0, 75, 6): (-1, 0, 1)
(1, 21, 0, 75, 9): (2, 0, 1)
(1, 21, 0, 100, 0): (5, 9, 1)
(1, 21, 0, 26, 1): (0, 0, 1)
(1, 21, 0, 26, 2): (0, 0, 1)
(1, 21, 0, 26, 5): (0, 0, 1)
(1, 21, 0, 26, 6): (0, 0, 1)
(1, 21, 0, 26, 9): (3, 0, 1)
(1, 21, 0, 27, 1): (0, 0, 1)
(1, 21, 0, 27, 2): (0, 0, 1)
(1, 21, 0, 27, 5): (0, 0, 1)
(1, 21, 0, 27, 6): (0, 0, 1)
(1, 21, 0, 27, 9): (3, 0, 1)
(1, 21, 4, 0, 0): (-2, 2, 0)
(1, 21, 4, 0, 1): (-3, 0, 3)
(1, 21, 4, 0, 2): (-3, 0, 3)
(1, 21, 4, 0, 5): (-3, 0, 3)
(1, 21, 4, 0, 6): (-3, 0, 3)
(1, 21, 4, 0, 9): (0, 0, 3)
(1, 21, 4, 0, 4): (1, 0, 3)
(1, 21, 4, 0, 10): (0, 0, 3)
(1, 21, 4, 0, 20): (-3, 0, 3)
(1, 21, 4, 0, 12): (-6, 0, 3)
(1, 21, 4, 0, 13): (-5, 0, 3)
(1, 21, 4, 0, 26): (-3, 0, 3)
(1, 21, 4, 0, 39): (-6, 0, 3)
(1, 21, 4, 0, 40): (-3, 0, 3)
(1, 21, 4, 0, 60): (-4, 0, 3)
(1, 21, 4, 0, 80): (-6, 0, 3)
(1, 21, 4, 0, 27): (0, 3, 6)
(1, 21, 4, 22, 0): (0, 5, 3)
(1, 21, 4, 22, 1): (2, 2, 3)
(1, 21, 4, 22, 2): (2, 2, 3)
(1, 21, 4, 22, 5): (2, 2, 3)
(1, 21, 4, 22, 6): (2, 2, 3)
(1, 21, 4, 22, 9): (5, 2, 3)
(1, 21, 4, 23, 0): (0, 5, 3)
(1, 21, 4, 23, 1): (2, 2, 3)
(1, 21, 4, 23, 2): (2, 2, 3)
(1, 21, 4, 23, 5): (2, 2, 3)
(1, 21, 4, 23, 6): (2, 2, 3)
(1, 21, 4, 23, 9): (5, 2, 3)
(1, 21, 4, 24, 0): (0, 5, 3)
(1, 21, 4, 24, 1): (2, 2, 3)
(1, 21, 4, 24, 2): (2, 2, 3)
(1, 21, 4, 24, 5): (2, 2, 3)
(1, 21, 4, 24, 6): (2, 2, 3)
(1, 21, 4, 24, 9): (5, 2, 3)
(1, 21, 4, 25, 0): (0, 5, 3)
(1, 21, 4, 25, 1): (2, 2, 3)
(1, 21, 4, 25, 2): (2, 2, 3)
(1, 21, 4, 25, 5): (2, 2, 3)
(1, 21, 4, 25, 6): (2, 2, 3)
(1, 21, 4, 25, 9): (5, 2, 3)
(1, 21, 0, 0, 100): (-1, 5, 6)
(1, 21, 0, 0, 120): (-2, 5, 6)
(1, 21, 0, 0, 25): (-5, 0, 1)
(1, 21, 0, 22, 4): (0, 3, 5)
(1, 21, 0, 23, 4): (4, 4, 5)
(1, 21, 0, 24, 4): (0, 0, 1)
(1, 21, 5, 0, 0): (-2, 2, 0)
(1, 21, 5, 0, 1): (-3, 0, 3)
(1, 21, 5, 0, 2): (-3, 0, 3)
(1, 21, 5, 0, 4): (-3, 0, 3)
(1, 21, 5, 0, 6): (-3, 0, 3)
(1, 21, 5, 0, 9): (0, 0, 3)
(1, 21, 5, 22, 0): (-1, 4, 6)
(1, 21, 5, 22, 1): (1, 1, 6)
(1, 21, 5, 22, 4): (1, 1, 6)
(1, 21, 5, 22, 6): (1, 1, 6)
(1, 21, 5, 22, 9): (4, 1, 6)
(1, 21, 5, 22, 10): (4, 4, 6)
(1, 21, 5, 22, 20): (-2, 4, 6)
(1, 21, 5, 22, 13): (-1, 4, 6)
(1, 21, 5, 22, 40): (1, 4, 6)
(1, 21, 5, 22, 60): (-2, 4, 6)
(1, 21, 5, 22, 80): (1, 4, 6)
(1, 21, 5, 22, 100): (0, 4, 6)
(1, 21, 5, 22, 120): (-2, 4, 6)
(1, 21, 5, 22, 25): (1, 4, 6)
(1, 21, 5, 44, 0): (6, 10, 4)
(1, 21, 5, 66, 0): (-1, 4, 4)
(1, 21, 5, 66, 1): (1, 1, 4)
(1, 21, 5, 66, 2): (1, 1, 4)
(1, 21, 5, 66, 4): (1, 1, 4)
(1, 21, 5, 66, 6): (1, 1, 4)
(1, 21, 5, 66, 9): (4, 1, 4)
(1, 21, 5, 88, 0): (7, 11, 4)
(1, 21, 5, 0, 10): (0, 0, 3)
(1, 21, 5, 0, 20): (-6, 0, 3)
(1, 21, 5, 0, 13): (-5, 0, 3)
(1, 21, 5, 0, 40): (-3, 0, 3)
(1, 21, 5, 0, 60): (-6, 0, 3)
(1, 21, 5, 0, 80): (-3, 0, 3)
(1, 21, 5, 0, 100): (-4, 0, 3)
(1, 21, 5, 0, 24): (-3, 0, 3)
(1, 21, 5, 23, 0): (0, 5, 3)
(1, 21, 5, 23, 1): (2, 2, 3)
(1, 21, 5, 23, 2): (2, 2, 3)
(1, 21, 5, 23, 4): (2, 2, 3)
(1, 21, 5, 23, 6): (2, 2, 3)
(1, 21, 5, 23, 9): (5, 2, 3)
(1, 21, 5, 0, 120): (-6, 0, 3)
(1, 21, 0, 0, 24): (2, 5, 6)
(1, 21, 0, 22, 13): (-3, 3, 4)
(1, 21, 0, 22, 26): (-3, 3, 4)
(1, 21, 0, 22, 39): (-4, 3, 4)
(1, 21, 0, 22, 20): (-2, 3, 5)
(1, 21, 0, 22, 40): (-3, 3, 5)
(1, 21, 0, 22, 60): (-2, 3, 5)
(1, 21, 0, 22, 80): (-3, 3, 5)
(1, 21, 0, 22, 24): (0, 3, 5)
(1, 21, 0, 44, 0): (8, 8, 6)
(1, 21, 0, 66, 0): (1, 6, 6)
(1, 21, 0, 66, 1): (3, 3, 6)
(1, 21, 0, 66, 2): (3, 3, 6)
(1, 21, 0, 66, 4): (3, 3, 6)
(1, 21, 0, 66, 5): (3, 3, 6)
(1, 21, 0, 66, 9): (6, 3, 6)
(1, 21, 0, 88, 0): (9, 9, 6)
(1, 21, 6, 0, 0): (-2, 2, 0)
(1, 21, 6, 0, 1): (-3, 0, 3)
(1, 21, 6, 0, 2): (-3, 0, 3)
(1, 21, 6, 0, 4): (-3, 0, 3)
(1, 21, 6, 0, 5): (-3, 0, 3)
(1, 21, 6, 0, 8): (-6, 0, 3)
(1, 21, 6, 0, 9): (0, 0, 3)
(1, 21, 6, 22, 0): (-1, 4, 6)
(1, 21, 6, 22, 1): (1, 1, 6)
(1, 21, 6, 22, 4): (1, 1, 6)
(1, 21, 6, 22, 5): (1, 1, 6)
(1, 21, 6, 22, 8): (-2, 1, 6)
(1, 21, 6, 22, 9): (4, 1, 6)
(1, 21, 6, 22, 10): (4, 4, 6)
(1, 21, 6, 22, 20): (1, 4, 6)
(1, 21, 6, 22, 13): (-1, 4, 6)
(1, 21, 6, 22, 26): (-1, 4, 6)
(1, 21, 6, 22, 39): (-2, 4, 6)
(1, 21, 6, 22, 40): (1, 4, 6)
(1, 21, 6, 22, 60): (0, 4, 6)
(1, 21, 6, 22, 80): (-2, 4, 6)
(1, 21, 6, 22, 24): (1, 4, 6)
(1, 21, 6, 44, 0): (6, 10, 4)
(1, 21, 6, 66, 0): (-1, 4, 4)
(1, 21, 6, 66, 1): (1, 1, 4)
(1, 21, 6, 66, 2): (1, 1, 4)
(1, 21, 6, 66, 4): (1, 1, 4)
(1, 21, 6, 66, 5): (1, 1, 4)
(1, 21, 6, 66, 8): (-2, 1, 4)
(1, 21, 6, 66, 9): (4, 1, 4)
(1, 21, 6, 88, 0): (7, 11, 4)
(1, 21, 6, 0, 10): (0, 0, 3)
(1, 21, 6, 0, 20): (-3, 0, 3)
(1, 21, 6, 0, 13): (-5, 0, 3)
(1, 21, 6, 0, 26): (-5, 0, 3)
(1, 21, 6, 0, 39): (-6, 0, 3)
(1, 21, 6, 0, 40): (-3, 0, 3)
(1, 21, 6, 0, 60): (-4, 0, 3)
(1, 21, 6, 0, 80): (-6, 0, 3)
(1, 21, 6, 0, 24): (-3, 0, 3)
(1, 21, 6, 23, 0): (0, 5, 3)
(1, 21, 6, 23, 1): (2, 2, 3)
(1, 21, 6, 23, 2): (2, 2, 3)
(1, 21, 6, 23, 4): (2, 2, 3)
(1, 21, 6, 23, 5): (2, 2, 3)
(1, 21, 6, 23, 8): (-1, 2, 3)
(1, 21, 6, 23, 9): (5, 2, 3)
(1, 21, 0, 22, 18): (0, 2, 4)
(1, 21, 0, 66, 6): (3, 3, 6)
(1, 21, 9, 0, 0): (1, 5, 3)
(1, 21, 9, 22, 0): (2, 6, 6)
(1, 21, 9, 22, 4): (4, 4, 6)
(1, 21, 9, 22, 5): (4, 4, 6)
(1, 21, 9, 22, 6): (4, 4, 6)
(1, 21, 9, 22, 9): (0, 4, 6)
(1, 21, 9, 22, 18): (-4, 4, 6)
(1, 21, 9, 22, 27): (0, 4, 6)
(1, 21, 9, 22, 36): (3, 4, 6)
(1, 21, 9, 44, 0): (9, 13, 6)
(1, 21, 9, 66, 0): (2, 6, 6)
(1, 21, 9, 66, 2): (4, 4, 6)
(1, 21, 9, 66, 4): (4, 4, 6)
(1, 21, 9, 66, 5): (4, 4, 6)
(1, 21, 9, 66, 6): (4, 4, 6)
(1, 21, 9, 66, 9): (0, 4, 6)
(1, 21, 9, 66, 18): (-4, 4, 6)
(1, 21, 9, 66, 27): (0, 4, 6)
(1, 21, 9, 66, 36): (3, 4, 6)
(1, 21, 9, 88, 0): (10, 14, 6)
(1, 21, 9, 0, 2): (0, 0, 6)
(1, 21, 9, 0, 4): (0, 0, 6)
(1, 21, 9, 0, 5): (0, 0, 6)
(1, 21, 9, 0, 6): (0, 0, 6)
(1, 21, 9, 0, 9): (-4, 0, 6)
(1, 21, 9, 0, 18): (-8, 0, 6)
(1, 21, 9, 0, 27): (-4, 0, 6)
(1, 21, 9, 0, 36): (-1, 0, 6)
(1, 21, 9, 0, 10): (3, 2, 6)
(1, 21, 9, 23, 0): (3, 7, 6)
(1, 21, 9, 23, 2): (5, 5, 6)
(1, 21, 9, 23, 4): (5, 5, 6)
(1, 21, 9, 23, 5): (5, 5, 6)
(1, 21, 9, 23, 6): (5, 5, 6)
(1, 21, 9, 23, 9): (1, 5, 6)
(1, 21, 9, 23, 18): (-3, 5, 6)
(1, 21, 9, 23, 27): (1, 5, 6)
(1, 21, 9, 23, 36): (4, 5, 6)
(1, 21, 9, 0, 20): (0, 3, 6)
(1, 21, 9, 0, 13): (-2, 3, 6)
(1, 21, 9, 0, 26): (-2, 3, 6)
(1, 21, 9, 0, 39): (-3, 3, 6)
(1, 21, 9, 0, 40): (0, 3, 6)
(1, 21, 9, 0, 60): (-1, 3, 6)
(1, 21, 9, 0, 80): (-3, 3, 6)
(1, 21, 9, 0, 24): (0, 3, 6)
(1, 21, 9, 25, 0): (3, 7, 3)
(1, 21, 9, 26, 0): (3, 7, 3)
(1, 21, 9, 27, 0): (3, 7, 3)
(1, 21, 9, 28, 0): (3, 7, 3)
(1, 21, 9, 29, 0): (3, 7, 3)
(1, 21, 9, 30, 0): (3, 7, 3)
(1, 21, 9, 31, 0): (3, 7, 3)
(1, 21, 10, 0, 0): (1, 4, 2)
(1, 21, 10, 22, 0): (2, 7, 6)
(1, 21, 10, 22, 1): (4, 4, 6)
(1, 21, 10, 22, 5): (4, 4, 6)
(1, 21, 10, 22, 6): (4, 4, 6)
(1, 21, 10, 22, 9): (7, 4, 6)
(1, 21, 10, 44, 0): (9, 10, 6)
(1, 21, 10, 66, 0): (2, 7, 6)
(1, 21, 10, 66, 1): (4, 4, 6)
(1, 21, 10, 66, 2): (4, 4, 6)
(1, 21, 10, 66, 5): (4, 4, 6)
(1, 21, 10, 66, 6): (4, 4, 6)
(1, 21, 10, 66, 9): (7, 4, 6)
(1, 21, 10, 88, 0): (10, 11, 6)
(1, 21, 10, 0, 1): (0, 3, 6)
(1, 21, 10, 0, 2): (0, 3, 6)
(1, 21, 10, 0, 5): (0, 3, 6)
(1, 21, 10, 0, 6): (0, 3, 6)
(1, 21, 10, 0, 9): (3, 3, 6)
(1, 21, 10, 23, 0): (3, 8, 6)
(1, 21, 10, 23, 1): (5, 5, 6)
(1, 21, 10, 23, 2): (5, 5, 6)
(1, 21, 10, 23, 5): (5, 5, 6)
(1, 21, 10, 23, 6): (5, 5, 6)
(1, 21, 10, 23, 9): (8, 5, 6)
(1, 21, 10, 0, 10): (-1, 3, 6)
(1, 21, 10, 0, 20): (0, 3, 6)
(1, 21, 10, 0, 30): (-1, 3, 6)
(1, 21, 10, 0, 40): (0, 3, 6)
(1, 21, 10, 0, 60): (-1, 3, 6)
(1, 21, 10, 0, 80): (-3, 3, 6)
(1, 21, 10, 0, 24): (0, 3, 6)
(1, 21, 20, 0, 0): (-2, 3, -1)
(1, 21, 20, 0, 1): (0, 3, 4)
(1, 21, 20, 0, 2): (2, 3, 4)
(1, 21, 20, 0, 4): (0, 3, 4)
(1, 21, 20, 0, 5): (0, 3, 4)
(1, 21, 20, 0, 9): (3, 3, 4)
(1, 21, 20, 0, 10): (3, 3, 4)
(1, 21, 20, 0, 20): (-4, 3, 4)
(1, 21, 20, 0, 13): (-2, 3, 4)
(1, 21, 20, 0, 26): (-2, 3, 4)
(1, 21, 20, 0, 39): (-3, 3, 4)
(1, 21, 20, 0, 40): (-3, 3, 4)
(1, 21, 20, 0, 60): (-4, 3, 4)
(1, 21, 20, 0, 80): (-6, 3, 4)
(1, 21, 20, 0, 24): (0, 3, 4)
(1, 21, 20, 22, 0): (-1, 4, 6)
(1, 21, 20, 22, 1): (1, 3, 6)
(1, 21, 20, 22, 4): (1, 3, 6)
(1, 21, 20, 22, 5): (1, 3, 6)
(1, 21, 20, 22, 9): (4, 3, 6)
(1, 21, 20, 22, 10): (4, 4, 6)
(1, 21, 20, 22, 20): (-3, 4, 6)
(1, 21, 20, 22, 13): (-1, 4, 6)
(1, 21, 20, 22, 26): (-1, 4, 6)
(1, 21, 20, 22, 39): (-2, 4, 6)
(1, 21, 20, 22, 40): (-2, 4, 6)
(1, 21, 20, 22, 60): (-3, 4, 6)
(1, 21, 20, 22, 80): (-5, 4, 6)
(1, 21, 20, 22, 24): (1, 4, 6)
(1, 21, 0, 0, 36): (-5, 3, 6)
(1, 21, 0, 0, 65): (-2, 4, 6)
(1, 21, 0, 0, 78): (-2, 4, 6)
(1, 21, 0, 0, 91): (-3, 4, 6)
(1, 21, 0, 0, 104): (-4, 4, 6)
(1, 21, 0, 22, 52): (-3, 3, 4)
(1, 21, 0, 22, 65): (-4, 3, 4)
(1, 21, 0, 22, 78): (-4, 3, 4)
(1, 21, 0, 22, 91): (-5, 3, 4)
(1, 21, 0, 22, 104): (-6, 3, 4)
(1, 21, 13, 0, 0): (-4, 3, -3)
(1, 21, 13, 0, 1): (2, 3, 4)
(1, 21, 13, 0, 2): (2, 3, 4)
(1, 21, 13, 0, 5): (2, 3, 4)
(1, 21, 13, 0, 6): (2, 3, 4)
(1, 21, 13, 0, 9): (5, 3, 4)
(1, 21, 13, 0, 10): (-1, 4, 6)
(1, 21, 13, 0, 12): (-2, 4, 6)
(1, 21, 13, 0, 13): (-2, 4, 6)
(1, 21, 13, 0, 26): (-4, 4, 6)
(1, 21, 13, 0, 39): (-3, 4, 6)
(1, 21, 13, 0, 52): (-2, 4, 6)
(1, 21, 13, 0, 65): (-1, 4, 6)
(1, 21, 13, 0, 78): (-1, 4, 6)
(1, 21, 13, 0, 91): (-3, 4, 6)
(1, 21, 13, 0, 104): (-4, 4, 6)
(1, 21, 13, 0, 117): (-1, 4, 6)
(1, 21, 13, 0, 130): (-2, 4, 6)
(1, 21, 13, 0, 143): (-1, 4, 6)
(1, 21, 13, 0, 156): (-3, 4, 6)
(1, 21, 13, 0, 169): (-2, 4, 6)
(1, 21, 13, 0, 182): (-2, 4, 6)
(1, 21, 13, 0, 20): (1, 4, 6)
(1, 21, 13, 0, 40): (1, 4, 6)
(1, 21, 13, 0, 60): (0, 4, 6)
(1, 21, 13, 0, 80): (-2, 4, 6)
(1, 21, 13, 0, 24): (1, 4, 6)
(1, 21, 13, 22, 0): (-3, 3, 4)
(1, 21, 13, 22, 1): (-1, 3, 4)
(1, 21, 13, 22, 5): (-1, 3, 4)
(1, 21, 13, 22, 6): (-1, 3, 4)
(1, 21, 13, 22, 9): (2, 3, 4)
(1, 21, 13, 22, 10): (-3, 3, 4)
(1, 21, 13, 22, 12): (-4, 3, 4)
(1, 21, 13, 22, 13): (-4, 3, 4)
(1, 21, 13, 22, 26): (-6, 3, 4)
(1, 21, 13, 22, 39): (-5, 3, 4)
(1, 21, 13, 22, 52): (-4, 3, 4)
(1, 21, 13, 22, 65): (-3, 3, 4)
(1, 21, 13, 22, 78): (-3, 3, 4)
(1, 21, 13, 22, 91): (-5, 3, 4)
(1, 21, 13, 22, 104): (-6, 3, 4)
(1, 21, 13, 22, 117): (-3, 3, 4)
(1, 21, 13, 22, 130): (-4, 3, 4)
(1, 21, 13, 22, 143): (-3, 3, 4)
(1, 21, 13, 22, 156): (-5, 3, 4)
(1, 21, 13, 22, 169): (-4, 3, 4)
(1, 21, 13, 22, 182): (-4, 3, 4)
(1, 21, 13, 22, 20): (-1, 3, 4)
(1, 21, 13, 22, 40): (-1, 3, 4)
(1, 21, 13, 22, 60): (-2, 3, 4)
(1, 21, 13, 22, 80): (-4, 3, 4)
(1, 21, 13, 22, 24): (-1, 3, 4)
(1, 21, 26, 0, 0): (-4, 3, -3)
(1, 21, 26, 0, 1): (2, 3, 4)
(1, 21, 26, 0, 2): (2, 3, 4)
(1, 21, 26, 0, 4): (2, 3, 4)
(1, 21, 26, 0, 6): (2, 3, 4)
(1, 21, 26, 0, 9): (5, 3, 4)
(1, 21, 26, 0, 10): (4, 4, 6)
(1, 21, 26, 0, 20): (1, 4, 6)
(1, 21, 26, 0, 12): (-2, 4, 6)
(1, 21, 26, 0, 13): (-2, 4, 6)
(1, 21, 26, 0, 26): (-2, 4, 6)
(1, 21, 26, 0, 39): (-3, 4, 6)
(1, 21, 26, 0, 52): (-4, 4, 6)
(1, 21, 26, 0, 65): (-1, 4, 6)
(1, 21, 26, 0, 78): (-3, 4, 6)
(1, 21, 26, 0, 91): (-1, 4, 6)
(1, 21, 26, 0, 104): (-2, 4, 6)
(1, 21, 26, 0, 117): (-3, 4, 6)
(1, 21, 26, 0, 130): (-1, 4, 6)
(1, 21, 26, 0, 143): (-3, 4, 6)
(1, 21, 26, 0, 156): (-1, 4, 6)
(1, 21, 26, 0, 169): (-3, 4, 6)
(1, 21, 26, 0, 40): (1, 4, 6)
(1, 21, 26, 0, 60): (0, 4, 6)
(1, 21, 26, 0, 80): (-2, 4, 6)
(1, 21, 26, 0, 24): (1, 4, 6)
(1, 21, 26, 22, 0): (-3, 3, 4)
(1, 21, 26, 22, 1): (-1, 3, 4)
(1, 21, 26, 22, 4): (-1, 3, 4)
(1, 21, 26, 22, 6): (-1, 3, 4)
(1, 21, 26, 22, 9): (2, 3, 4)
(1, 21, 26, 22, 10): (2, 3, 4)
(1, 21, 26, 22, 20): (-1, 3, 4)
(1, 21, 26, 22, 12): (-4, 3, 4)
(1, 21, 26, 22, 13): (-4, 3, 4)
(1, 21, 26, 22, 26): (-4, 3, 4)
(1, 21, 26, 22, 39): (-5, 3, 4)
(1, 21, 26, 22, 52): (-6, 3, 4)
(1, 21, 26, 22, 65): (-3, 3, 4)
(1, 21, 26, 22, 78): (-5, 3, 4)
(1, 21, 26, 22, 91): (-3, 3, 4)
(1, 21, 26, 22, 104): (-4, 3, 4)
(1, 21, 26, 22, 117): (-5, 3, 4)
(1, 21, 26, 22, 130): (-3, 3, 4)
(1, 21, 26, 22, 143): (-5, 3, 4)
(1, 21, 26, 22, 156): (-3, 3, 4)
(1, 21, 26, 22, 169): (-5, 3, 4)
(1, 21, 26, 22, 40): (-1, 3, 4)
(1, 21, 26, 22, 60): (-2, 3, 4)
(1, 21, 26, 22, 80): (-4, 3, 4)
(1, 21, 26, 22, 24): (-1, 3, 4)
(1, 21, 39, 0, 0): (-5, 3, -4)
(1, 21, 39, 0, 1): (0, 3, 6)
(1, 21, 39, 0, 2): (0, 3, 6)
(1, 21, 39, 0, 4): (0, 3, 6)
(1, 21, 39, 0, 5): (0, 3, 6)
(1, 21, 39, 0, 6): (0, 3, 6)
(1, 21, 39, 0, 9): (3, 3, 6)
(1, 21, 39, 0, 10): (3, 3, 6)
(1, 21, 39, 0, 20): (0, 3, 6)
(1, 21, 39, 0, 12): (-3, 3, 6)
(1, 21, 39, 0, 13): (-2, 3, 6)
(1, 21, 39, 0, 26): (-2, 3, 6)
(1, 21, 39, 0, 39): (-4, 3, 6)
(1, 21, 39, 0, 52): (-2, 3, 6)
(1, 21, 39, 0, 65): (-3, 3, 6)
(1, 21, 39, 0, 78): (-3, 3, 6)
(1, 21, 39, 0, 91): (-2, 3, 6)
(1, 21, 39, 0, 104): (-1, 3, 6)
(1, 21, 39, 0, 117): (0, 3, 6)
(1, 21, 39, 0, 130): (0, 3, 6)
(1, 21, 39, 0, 143): (-1, 3, 6)
(1, 21, 39, 0, 156): (-2, 3, 6)
(1, 21, 39, 0, 169): (-3, 3, 6)
(1, 21, 39, 0, 182): (-4, 3, 6)
(1, 21, 39, 0, 195): (-2, 3, 6)
(1, 21, 39, 0, 208): (-4, 3, 6)
(1, 21, 39, 0, 40): (0, 3, 6)
(1, 21, 39, 0, 60): (-1, 3, 6)
(1, 21, 39, 0, 80): (-3, 3, 6)
(1, 21, 39, 0, 24): (0, 3, 6)
(1, 21, 0, 0, 140): (-3, 5, 6)
(1, 21, 0, 22, 100): (-3, 3, 5)
(1, 21, 0, 22, 120): (-4, 3, 5)
(1, 21, 0, 22, 140): (-5, 3, 5)
(1, 21, 20, 0, 6): (0, 3, 4)
(1, 21, 20, 22, 6): (1, 3, 6)
(1, 21, 20, 22, 12): (-2, 4, 6)
(1, 21, 20, 44, 0): (6, 10, 4)
(1, 21, 20, 66, 0): (-1, 4, 4)
(1, 21, 20, 66, 1): (1, 3, 4)
(1, 21, 20, 66, 4): (1, 3, 4)
(1, 21, 20, 66, 5): (1, 3, 4)
(1, 21, 20, 66, 6): (1, 3, 4)
(1, 21, 20, 66, 9): (4, 3, 4)
(1, 21, 20, 88, 0): (7, 11, 4)
(1, 21, 20, 0, 12): (-3, 3, 4)
(1, 21, 40, 0, 0): (-2, 3, -1)
(1, 21, 40, 0, 2): (0, 3, 4)
(1, 21, 40, 0, 4): (0, 3, 4)
(1, 21, 40, 0, 5): (0, 3, 4)
(1, 21, 40, 0, 6): (0, 3, 4)
(1, 21, 40, 0, 9): (3, 3, 4)
(1, 21, 40, 22, 0): (-1, 4, 6)
(1, 21, 40, 22, 4): (1, 3, 6)
(1, 21, 40, 22, 5): (1, 3, 6)
(1, 21, 40, 22, 6): (1, 3, 6)
(1, 21, 40, 22, 9): (4, 3, 6)
(1, 21, 40, 22, 10): (4, 4, 6)
(1, 21, 40, 22, 20): (-3, 4, 6)
(1, 21, 40, 22, 12): (-2, 4, 6)
(1, 21, 40, 22, 13): (-1, 4, 6)
(1, 21, 40, 22, 26): (-1, 4, 6)
(1, 21, 40, 22, 39): (-2, 4, 6)
(1, 21, 40, 22, 40): (-4, 4, 6)
(1, 21, 40, 22, 60): (-2, 4, 6)
(1, 21, 40, 22, 80): (-3, 4, 6)
(1, 21, 40, 22, 100): (-1, 4, 6)
(1, 21, 40, 22, 120): (-5, 4, 6)
(1, 21, 40, 22, 140): (-2, 4, 6)
(1, 21, 40, 22, 160): (-3, 4, 6)
(1, 21, 40, 22, 24): (1, 4, 6)
(1, 21, 40, 44, 0): (6, 10, 4)
(1, 21, 40, 66, 0): (-1, 4, 4)
(1, 21, 40, 66, 2): (1, 3, 4)
(1, 21, 40, 66, 4): (1, 3, 4)
(1, 21, 40, 66, 5): (1, 3, 4)
(1, 21, 40, 66, 6): (1, 3, 4)
(1, 21, 40, 66, 9): (4, 3, 4)
(1, 21, 40, 88, 0): (7, 11, 4)
(1, 21, 40, 0, 10): (3, 3, 4)
(1, 21, 40, 0, 20): (-4, 3, 4)
(1, 21, 40, 0, 12): (-3, 3, 4)
(1, 21, 40, 0, 13): (-2, 3, 4)
(1, 21, 40, 0, 26): (-2, 3, 4)
(1, 21, 40, 0, 39): (-3, 3, 4)
(1, 21, 40, 0, 40): (-5, 3, 4)
(1, 21, 40, 0, 60): (-3, 3, 4)
(1, 21, 40, 0, 80): (-4, 3, 4)
(1, 21, 40, 0, 100): (-2, 3, 4)
(1, 21, 40, 0, 120): (-6, 3, 4)
(1, 21, 40, 0, 140): (-3, 3, 4)
(1, 21, 40, 0, 160): (-4, 3, 4)
(1, 21, 40, 0, 24): (0, 3, 4)
(1, 21, 60, 0, 0): (-3, 3, -2)
(1, 21, 60, 0, 1): (-1, 3, 5)
(1, 21, 60, 0, 2): (-1, 3, 5)
(1, 21, 60, 0, 4): (-1, 3, 5)
(1, 21, 60, 0, 5): (-1, 3, 5)
(1, 21, 60, 0, 6): (-1, 3, 5)
(1, 21, 60, 0, 9): (2, 3, 5)
(1, 21, 60, 0, 10): (2, 3, 5)
(1, 21, 60, 0, 20): (-4, 3, 5)
(1, 21, 60, 0, 12): (-4, 3, 5)
(1, 21, 60, 0, 13): (-3, 3, 5)
(1, 21, 60, 0, 26): (-3, 3, 5)
(1, 21, 60, 0, 39): (-4, 3, 5)
(1, 21, 60, 0, 40): (-3, 3, 5)
(1, 21, 60, 0, 60): (-5, 3, 5)
(1, 21, 60, 0, 80): (-3, 3, 5)
(1, 21, 60, 0, 100): (-6, 3, 5)
(1, 21, 60, 0, 120): (-2, 3, 5)
(1, 21, 60, 0, 23): (-1, 3, 5)
(1, 21, 80, 0, 0): (-5, 3, -4)
(1, 21, 80, 0, 1): (0, 3, 6)
(1, 21, 80, 0, 2): (0, 3, 6)
(1, 21, 80, 0, 4): (0, 3, 6)
(1, 21, 80, 0, 5): (0, 3, 6)
(1, 21, 80, 0, 6): (0, 3, 6)
(1, 21, 80, 0, 9): (3, 3, 6)
(1, 21, 80, 0, 10): (3, 3, 6)
(1, 21, 80, 0, 20): (-1, 3, 6)
(1, 21, 80, 0, 12): (-3, 3, 6)
(1, 21, 80, 0, 13): (-2, 3, 6)
(1, 21, 80, 0, 26): (-2, 3, 6)
(1, 21, 80, 0, 39): (-3, 3, 6)
(1, 21, 80, 0, 40): (0, 3, 6)
(1, 21, 80, 0, 60): (0, 3, 6)
(1, 21, 80, 0, 80): (-1, 3, 6)
(1, 21, 80, 0, 100): (-2, 3, 6)
(1, 21, 80, 0, 23): (0, 3, 6)
(1, 21, 23, 0, 0): (-3, 3, -1)
(1, 21, 23, 0, 1): (0, 3, 6)
(1, 21, 23, 0, 2): (0, 3, 6)
(1, 21, 23, 0, 4): (0, 3, 6)
(1, 21, 23, 0, 5): (0, 3, 6)
(1, 21, 23, 0, 6): (0, 3, 6)
(1, 21, 23, 0, 9): (3, 3, 6)
(1, 21, 23, 0, 10): (3, 3, 6)
(1, 21, 23, 0, 20): (0, 3, 6)
(1, 21, 23, 0, 11): (-3, 3, 6)
(1, 21, 23, 0, 13): (-2, 3, 6)
(1, 21, 23, 0, 26): (-2, 3, 6)
(1, 21, 23, 0, 39): (-3, 3, 6)
(1, 21, 23, 0, 40): (0, 3, 6)
(1, 21, 23, 0, 60): (-1, 3, 6)
(1, 21, 23, 0, 80): (-3, 3, 6)
(1, 21, 23, 0, 23): (-3, 3, 6)
(1, 21, 30, 0, 0): (1, 3, 0)
(1, 21, 30, 0, 1): (-3, 3, 6)
(1, 21, 30, 0, 2): (-3, 3, 6)
(1, 21, 30, 0, 4): (-3, 3, 6)
(1, 21, 30, 0, 5): (-3, 3, 6)
(1, 21, 30, 0, 6): (-3, 3, 6)
(1, 21, 30, 0, 9): (0, 3, 6)
(1, 21, 30, 0, 10): (0, 3, 6)
(1, 21, 30, 0, 20): (-3, 3, 6)
(1, 21, 30, 0, 11): (-6, 3, 6)
(1, 21, 30, 0, 13): (-5, 3, 6)
(1, 21, 30, 0, 26): (-5, 3, 6)
(1, 21, 30, 0, 39): (-6, 3, 6)
(1, 21, 30, 0, 40): (-3, 3, 6)
(1, 21, 30, 0, 60): (-4, 3, 6)
(1, 21, 30, 0, 80): (-6, 3, 6)
(1, 0, 0, 0, 80): (-3, 1, 3)
(1, 0, 0, 21, 4): (0, 1, 3)
(1, 0, 0, 0, 9): (-5, 0, 3)
(1, 0, 0, 0, 76): (-5, 1, 3)
(1, 0, 0, 0, 29): (-5, -2, 1)
(1, 0, 0, 44, 0): (0, 2, -2)
(1, 0, 0, 66, 0): (3, 9, -2)
(1, 0, 0, 88, 0): (4, 10, -2)
(1, 0, 0, 25, 4): (-2, -2, 3)
(1, 0, 0, 60, 0): (4, 3, 2)
(1, 0, 0, 90, 0): (7, 8, 2)
(1, 0, 0, 120, 0): (8, 9, 2)
(1, 0, 0, 62, 0): (-1, 4, 3)
(1, 0, 0, 93, 0): (7, 8, 2)
(1, 0, 0, 124, 0): (8, 9, 2)
(1, 0, 0, 20, 4): (0, 0, 1)
(1, 0, 0, 20, 5): (0, 0, 1)
(1, 0, 0, 20, 8): (3, 0, 1)
(1, 0, 0, 21, 8): (3, 1, 3)
(1, 0, 0, 22, 4): (0, 0, 1)
(1, 0, 0, 22, 8): (-2, 0, 1)
(1, 0, 0, 23, 4): (0, 1, 3)
(1, 0, 0, 23, 8): (-5, 0, 1)
(1, 0, 0, 25, 8): (-7, 0, 1)
(1, 0, 0, 25, 9): (-2, 0, 1)
(1, 0, 0, 25, 18): (2, 0, 3)
(1, 0, 0, 25, 12): (-7, 0, 1)
(1, 0, 0, 25, 24): (-7, 0, 1)
(1, 0, 0, 25, 36): (-7, 0, 1)
(1, 0, 0, 25, 19): (-5, 0, 1)
(1, 0, 0, 25, 38): (-5, 0, 1)
(1, 0, 0, 25, 57): (-6, 0, 1)
(1, 0, 0, 25, 76): (-8, 0, 1)
(1, 0, 0, 25, 27): (-3, 0, 3)
(1, 0, 0, 58, 0): (2, 3, 0)
(1, 0, 0, 58, 1): (1, -1, 0)
(1, 0, 0, 87, 0): (5, 10, 0)
(1, 0, 0, 116, 0): (6, 11, 0)
(1, 0, 0, 62, 1): (2, 2, 3)
(1, 0, 0, 25, 48): (-3, 1, 3)
(1, 0, 0, 25, 60): (-1, 1, 3)
(1, 0, 0, 25, 72): (-8, 0, 1)
(1, 0, 0, 25, 26): (-5, 0, 1)
(1, 0, 1, 0, 4): (2, 2, 3)
(1, 0, 1, 0, 8): (-3, 0, 3)
(1, 0, 1, 20, 0): (-1, 5, 3)
(1, 0, 1, 20, 2): (2, 2, 3)
(1, 0, 1, 20, 3): (2, 2, 3)
(1, 0, 1, 20, 4): (2, 2, 3)
(1, 0, 1, 20, 5): (2, 2, 3)
(1, 0, 1, 20, 8): (5, 2, 3)
(1, 0, 1, 21, 4): (2, 2, 3)
(1, 0, 1, 21, 8): (5, 2, 3)
(1, 0, 1, 22, 0): (-1, 4, 3)
(1, 0, 1, 22, 2): (2, 2, 3)
(1, 0, 1, 22, 3): (2, 2, 3)
(1, 0, 1, 22, 4): (2, 2, 3)
(1, 0, 1, 22, 5): (2, 2, 3)
(1, 0, 1, 22, 8): (5, 2, 3)
(1, 0, 1, 23, 0): (-6, 0, 3)
(1, 0, 1, 23, 2): (-3, 0, 3)
(1, 0, 1, 23, 3): (-3, 0, 3)
(1, 0, 1, 23, 4): (-3, 0, 3)
(1, 0, 1, 23, 5): (2, 2, 3)
(1, 0, 1, 23, 8): (-3, 0, 3)
(1, 0, 1, 25, 0): (-1, 4, 3)
(1, 0, 1, 25, 2): (2, 2, 3)
(1, 0, 1, 25, 3): (2, 2, 3)
(1, 0, 1, 25, 4): (2, 2, 3)
(1, 0, 1, 25, 5): (-3, 0, 3)
(1, 0, 1, 25, 8): (0, 0, 3)
(1, 0, 1, 25, 9): (0, 0, 3)
(1, 0, 1, 25, 18): (-5, 0, 3)
(1, 0, 1, 25, 12): (-5, 0, 3)
(1, 0, 1, 25, 24): (-6, 0, 3)
(1, 0, 1, 25, 36): (-5, 0, 3)
(1, 0, 1, 25, 48): (-6, 0, 3)
(1, 0, 1, 25, 60): (-5, 0, 3)
(1, 0, 1, 25, 72): (-6, 0, 3)
(1, 0, 1, 25, 19): (-3, 0, 3)
(1, 0, 1, 25, 26): (-3, 0, 3)
(1, 0, 0, 25, 16): (-2, 1, 3)
(1, 0, 0, 25, 20): (-5, 1, 3)
(1, 0, 0, 25, 30): (-4, 1, 3)
(1, 0, 0, 25, 40): (-5, 1, 3)
(1, 0, 0, 25, 11): (-8, 0, 1)
(1, 0, 2, 0, 2): (1, 0, 3)
(1, 0, 2, 0, 4): (2, 2, 3)
(1, 0, 2, 0, 8): (-2, 2, 3)
(1, 0, 2, 20, 0): (-1, 4, 3)
(1, 0, 2, 20, 1): (2, 2, 3)
(1, 0, 2, 20, 3): (2, 2, 3)
(1, 0, 2, 20, 4): (2, 2, 3)
(1, 0, 2, 20, 5): (2, 2, 3)
(1, 0, 2, 21, 4): (2, 2, 3)
(1, 0, 2, 22, 0): (-1, 4, 3)
(1, 0, 2, 22, 1): (2, 2, 3)
(1, 0, 2, 22, 3): (2, 2, 3)
(1, 0, 2, 22, 4): (2, 2, 3)
(1, 0, 2, 22, 5): (2, 2, 3)
(1, 0, 2, 24, 0): (-1, 4, 3)
(1, 0, 2, 24, 1): (2, 2, 3)
(1, 0, 2, 24, 3): (2, 2, 3)
(1, 0, 2, 24, 4): (2, 2, 3)
(1, 0, 2, 24, 5): (-3, 0, 3)
(1, 0, 2, 24, 8): (-5, 0, 3)
(1, 0, 2, 24, 16): (0, 0, 3)
(1, 0, 2, 24, 9): (0, 0, 3)
(1, 0, 2, 24, 18): (-5, 0, 3)
(1, 0, 2, 24, 10): (-3, 0, 3)
(1, 0, 2, 24, 20): (-3, 0, 3)
(1, 0, 2, 24, 30): (-4, 0, 3)
(1, 0, 2, 24, 40): (-6, 0, 3)
(1, 0, 2, 24, 11): (-6, 0, 3)
(1, 0, 2, 24, 12): (-5, 0, 3)
(1, 0, 2, 24, 24): (-4, 0, 3)
(1, 0, 2, 24, 36): (-5, 0, 3)
(1, 0, 2, 24, 48): (-5, 0, 3)
(1, 0, 2, 24, 60): (-6, 0, 3)
(1, 0, 2, 24, 19): (-3, 0, 3)
(1, 0, 2, 24, 38): (-3, 0, 3)
(1, 0, 2, 24, 57): (-4, 0, 3)
(1, 0, 2, 24, 76): (-6, 0, 3)
(1, 0, 2, 24, 25): (-3, 0, 3)
(1, 0, 0, 0, 25): (-2, 1, 3)
(1, 0, 0, 24, 4): (1, 1, 3)
(1, 0, 0, 24, 8): (-5, 0, 1)
(1, 0, 0, 24, 9): (-8, 0, 1)
(1, 0, 0, 24, 11): (-8, 0, 1)
(1, 0, 0, 24, 19): (-5, 0, 1)
(1, 0, 0, 24, 38): (-5, 0, 1)
(1, 0, 0, 24, 57): (-6, 0, 1)
(1, 0, 0, 24, 76): (-8, 0, 1)
(1, 0, 0, 24, 25): (-5, 0, 1)
(1, 0, 3, 0, 4): (2, 2, 3)
(1, 0, 3, 0, 8): (5, 2, 3)
(1, 0, 3, 20, 4): (2, 2, 3)
(1, 0, 3, 20, 8): (5, 2, 3)
(1, 0, 3, 21, 0): (-1, 5, 3)
(1, 0, 3, 21, 1): (2, 2, 3)
(1, 0, 3, 21, 2): (2, 2, 3)
(1, 0, 3, 21, 4): (2, 2, 3)
(1, 0, 3, 21, 5): (2, 2, 3)
(1, 0, 3, 21, 8): (5, 2, 3)
(1, 0, 3, 23, 0): (-6, 0, 3)
(1, 0, 3, 23, 1): (-3, 0, 3)
(1, 0, 3, 23, 2): (-3, 0, 3)
(1, 0, 3, 23, 4): (-3, 0, 3)
(1, 0, 3, 23, 5): (-3, 0, 3)
(1, 0, 3, 23, 8): (0, 0, 3)
(1, 0, 3, 23, 9): (0, 0, 3)
(1, 0, 3, 23, 18): (0, 0, 3)
(1, 0, 3, 23, 11): (-6, 0, 3)
(1, 0, 3, 23, 12): (-5, 0, 3)
(1, 0, 3, 23, 24): (-3, 0, 3)
(1, 0, 3, 23, 36): (-6, 0, 3)
(1, 0, 3, 23, 19): (-3, 0, 3)
(1, 0, 3, 23, 38): (-3, 0, 3)
(1, 0, 3, 23, 57): (-4, 0, 3)
(1, 0, 3, 23, 76): (-6, 0, 3)
(1, 0, 0, 0, 95): (-3, 1, 3)
(1, 0, 0, 0, 114): (-5, 1, 3)
(1, 0, 0, 23, 9): (-8, 0, 1)
(1, 0, 0, 23, 12): (-7, 0, 1)
(1, 0, 0, 23, 24): (-6, 0, 1)
(1, 0, 0, 23, 19): (-8, 0, 1)
(1, 0, 0, 23, 38): (-5, 0, 1)
(1, 0, 0, 23, 57): (-8, 0, 1)
(1, 0, 0, 23, 76): (-5, 0, 1)
(1, 0, 0, 23, 95): (-6, 0, 1)
(1, 0, 0, 23, 114): (-8, 0, 1)
(1, 0, 4, 0, 0): (1, 2, -1)
(1, 0, 4, 0, 1): (2, 2, 3)
(1, 0, 4, 0, 2): (2, 2, 3)
(1, 0, 4, 0, 3): (2, 2, 3)
(1, 0, 4, 0, 5): (2, 2, 3)
(1, 0, 4, 0, 8): (5, 2, 3)
(1, 0, 4, 20, 0): (-1, 5, 3)
(1, 0, 4, 20, 1): (2, 2, 3)
(1, 0, 4, 20, 2): (2, 2, 3)
(1, 0, 4, 20, 3): (2, 2, 3)
(1, 0, 4, 20, 5): (2, 2, 3)
(1, 0, 4, 20, 8): (5, 2, 3)
(1, 0, 4, 0, 4): (1, 0, 3)
(1, 0, 4, 21, 0): (-1, 5, 3)
(1, 0, 4, 21, 1): (2, 2, 3)
(1, 0, 4, 21, 2): (2, 2, 3)
(1, 0, 4, 21, 3): (2, 2, 3)
(1, 0, 4, 21, 5): (2, 2, 3)
(1, 0, 4, 21, 8): (5, 2, 3)
(1, 0, 4, 22, 0): (-1, 4, 3)
(1, 0, 4, 22, 1): (2, 2, 3)
(1, 0, 4, 22, 2): (2, 2, 3)
(1, 0, 4, 22, 3): (2, 2, 3)
(1, 0, 4, 22, 5): (-3, 0, 3)
(1, 0, 4, 22, 8): (0, 0, 3)
(1, 0, 4, 22, 9): (0, 0, 3)
(1, 0, 4, 22, 18): (-5, 0, 3)
(1, 0, 4, 22, 12): (-5, 0, 3)
(1, 0, 4, 22, 19): (-6, 0, 3)
(1, 0, 4, 22, 38): (-3, 0, 3)
(1, 0, 4, 22, 57): (-6, 0, 3)
(1, 0, 4, 22, 76): (-3, 0, 3)
(1, 0, 4, 22, 95): (-4, 0, 3)
(1, 0, 4, 22, 114): (-6, 0, 3)
(1, 0, 4, 22, 23): (-3, 0, 3)
(1, 0, 0, 22, 9): (-2, 0, 1)
(1, 0, 0, 22, 12): (-7, 0, 1)
(1, 0, 0, 22, 24): (-7, 0, 1)
(1, 0, 0, 22, 36): (-8, 0, 1)
(1, 0, 0, 22, 76): (-8, 0, 1)
(1, 0, 0, 22, 23): (-5, 0, 1)
(1, 0, 5, 0, 4): (2, 2, 3)
(1, 0, 5, 0, 8): (5, 2, 3)
(1, 0, 5, 20, 0): (-1, 5, 3)
(1, 0, 5, 20, 1): (2, 2, 3)
(1, 0, 5, 20, 2): (2, 2, 3)
(1, 0, 5, 20, 3): (2, 2, 3)
(1, 0, 5, 20, 4): (2, 2, 3)
(1, 0, 5, 20, 7): (-1, 2, 3)
(1, 0, 5, 20, 8): (5, 2, 3)
(1, 0, 5, 21, 1): (-3, 0, 3)
(1, 0, 5, 21, 2): (-3, 0, 3)
(1, 0, 5, 21, 3): (-3, 0, 3)
(1, 0, 5, 21, 4): (-3, 0, 3)
(1, 0, 5, 21, 7): (-6, 0, 3)
(1, 0, 5, 21, 8): (0, 0, 3)
(1, 0, 5, 21, 9): (0, 0, 3)
(1, 0, 5, 21, 18): (-5, 0, 3)
(1, 0, 5, 21, 12): (-5, 0, 3)
(1, 0, 5, 21, 24): (-5, 0, 3)
(1, 0, 5, 21, 36): (-6, 0, 3)
(1, 0, 5, 21, 19): (-3, 0, 3)
(1, 0, 5, 21, 38): (-3, 0, 3)
(1, 0, 5, 21, 57): (-4, 0, 3)
(1, 0, 5, 21, 76): (-6, 0, 3)
(1, 0, 5, 21, 22): (-3, 0, 3)
(1, 0, 0, 21, 9): (1, 1, 3)
(1, 0, 0, 21, 12): (-4, 1, 3)
(1, 0, 0, 21, 24): (-4, 1, 3)
(1, 0, 0, 21, 19): (-2, 1, 3)
(1, 0, 0, 21, 38): (-2, 1, 3)
(1, 0, 0, 21, 57): (-3, 1, 3)
(1, 0, 0, 21, 76): (-5, 1, 3)
(1, 0, 8, 0, 0): (-2, 3, 3)
(1, 0, 8, 21, 0): (-3, 3, 3)
(1, 0, 8, 21, 2): (0, 0, 3)
(1, 0, 8, 21, 3): (0, 0, 3)
(1, 0, 8, 21, 4): (0, 0, 3)
(1, 0, 8, 21, 5): (0, 0, 3)
(1, 0, 8, 21, 8): (-4, 0, 3)
(1, 0, 8, 21, 16): (-8, 0, 3)
(1, 0, 8, 21, 24): (-4, 0, 3)
(1, 0, 8, 21, 32): (-1, 0, 3)
(1, 0, 8, 21, 9): (3, 2, 3)
(1, 0, 8, 23, 0): (2, 7, 3)
(1, 0, 8, 24, 0): (2, 7, 3)
(1, 0, 8, 25, 0): (2, 7, 3)
(1, 0, 8, 0, 2): (0, 0, 3)
(1, 0, 8, 0, 3): (0, 0, 3)
(1, 0, 8, 0, 4): (0, 0, 3)
(1, 0, 8, 0, 5): (0, 0, 3)
(1, 0, 8, 0, 8): (-4, 0, 3)
(1, 0, 8, 0, 16): (-8, 0, 3)
(1, 0, 8, 0, 24): (3, 0, 3)
(1, 0, 8, 26, 0): (4, 9, 3)
(1, 0, 8, 52, 0): (5, 6, 3)
(1, 0, 8, 78, 0): (8, 13, 3)
(1, 0, 8, 104, 0): (9, 14, 3)
(1, 0, 8, 27, 0): (2, 7, 3)
(1, 0, 8, 28, 0): (2, 7, 3)
(1, 0, 8, 29, 0): (2, 7, 3)
(1, 0, 8, 30, 0): (4, 9, 3)
(1, 0, 8, 60, 0): (5, 6, 3)
(1, 0, 8, 90, 0): (8, 13, 3)
(1, 0, 8, 120, 0): (9, 14, 3)
(1, 0, 8, 31, 0): (4, 9, 3)
(1, 0, 8, 62, 0): (5, 6, 3)
(1, 0, 8, 93, 0): (8, 13, 3)
(1, 0, 8, 124, 0): (9, 14, 3)
(1, 22, 0, 0, 0): (1, 6, 3)
(1, 22, 0, 0, 1): (3, 2, 3)
(1, 22, 0, 20, 0): (2, 8, 3)
(1, 22, 0, 21, 0): (-3, 3, 3)
(1, 22, 0, 21, 1): (0, -1, 3)
(1, 22, 0, 21, 2): (0, 0, 3)
(1, 22, 0, 21, 3): (0, 0, 3)
(1, 22, 0, 21, 4): (0, 0, 3)
(1, 22, 0, 21, 5): (0, 0, 3)
(1, 22, 0, 23, 0): (2, 8, 3)
(1, 22, 0, 24, 0): (2, 8, 3)
(1, 22, 0, 25, 0): (2, 8, 3)
(1, 22, 0, 26, 0): (2, 8, 3)
(1, 22, 0, 28, 0): (2, 8, 3)
(1, 22, 0, 0, 2): (2, 2, 3)
(1, 22, 0, 0, 3): (2, 2, 3)
(1, 22, 0, 0, 5): (2, 2, 3)
(1, 22, 0, 30, 0): (-3, 3, 3)
(1, 22, 0, 30, 1): (0, -1, 3)
(1, 22, 0, 30, 2): (0, 0, 3)
(1, 22, 0, 30, 3): (0, 0, 3)
(1, 22, 0, 30, 4): (0, 0, 3)
(1, 22, 0, 30, 5): (0, 0, 3)
(1, 22, 0, 60, 0): (4, 10, 3)
(1, 22, 0, 31, 0): (2, 8, 3)
(1, 23, 0, 0, 0): (1, 4, 1)
(1, 23, 0, 0, 1): (3, 2, 3)
(1, 23, 0, 20, 0): (2, 8, 3)
(1, 23, 0, 0, 2): (0, 0, 3)
(1, 23, 0, 0, 3): (0, 0, 3)
(1, 23, 0, 0, 4): (0, 0, 3)
(1, 23, 0, 0, 5): (0, 0, 3)
(1, 23, 0, 23, 0): (2, 8, 3)
(1, 23, 0, 24, 0): (2, 8, 3)
(1, 23, 0, 25, 0): (2, 8, 3)
(1, 23, 0, 26, 0): (2, 8, 3)
(1, 23, 0, 28, 0): (2, 8, 3)
(1, 23, 0, 29, 0): (2, 8, 3)
(1, 23, 0, 31, 0): (2, 8, 3)
(1, 0, 0, 15, 0): (4, 8, 3)
(1, 0, 0, 15, 1): (2, 2, 3)
(1, 0, 0, 15, 2): (2, 2, 3)
(1, 0, 0, 15, 3): (2, 2, 3)
(1, 0, 0, 15, 4): (2, 2, 3)
(1, 0, 0, 30, 1): (1, 1, 3)
(1, 0, 0, 30, 2): (1, 1, 3)
(1, 0, 0, 30, 3): (1, 1, 3)
(1, 0, 0, 30, 4): (1, 1, 3)
(1, 0, 0, 45, 0): (2, 7, 3)
(1, 0, 0, 45, 1): (1, 1, 3)
(1, 0, 0, 45, 2): (1, 1, 3)
(1, 0, 0, 45, 3): (1, 1, 3)
(1, 0, 0, 45, 4): (1, 1, 3)
(1, 0, 0, 60, 1): (2, 2, 3)
(1, 0, 0, 60, 2): (2, 2, 3)
(1, 0, 0, 60, 3): (2, 2, 3)
(1, 0, 0, 60, 4): (2, 2, 3)
(1, 0, 0, 50, 0): (-2, 4, 3)
(1, 0, 0, 50, 1): (1, 1, 3)
(1, 0, 0, 50, 2): (1, 1, 3)
(1, 0, 0, 50, 3): (1, 1, 3)
(1, 0, 0, 50, 4): (1, 1, 3)
(1, 0, 0, 18, 4): (0, 0, 1)
(1, 0, 0, 50, 5): (-2, 1, 3)
(1, 0, 0, 50, 7): (4, 1, 3)
(1, 0, 0, 56, 0): (0, 1, -2)
(1, 0, 0, 84, 0): (3, 8, -2)
(1, 0, 0, 112, 0): (4, 9, -2)
(1, 24, 0, 0, 0): (2, 6, 3)
(1, 24, 0, 14, 0): (3, 7, 3)
(1, 24, 0, 28, 0): (3, 7, 3)
(1, 24, 0, 42, 0): (3, 7, 3)
(1, 24, 0, 17, 0): (-2, 3, 3)
(1, 24, 0, 17, 1): (0, -1, 3)
(1, 24, 0, 17, 2): (0, 0, 3)
(1, 24, 0, 17, 3): (0, 0, 3)
(1, 24, 0, 17, 4): (0, 0, 3)
(1, 24, 0, 17, 7): (3, 2, 3)
(1, 24, 0, 0, 1): (6, 3, 3)
(1, 24, 0, 19, 0): (3, 7, 3)
(1, 24, 0, 21, 0): (3, 7, 3)
(1, 24, 0, 22, 0): (3, 7, 3)
(1, 24, 0, 0, 2): (0, 0, 3)
(1, 24, 0, 0, 3): (0, 0, 3)
(1, 24, 0, 0, 4): (0, 0, 3)
(1, 24, 0, 0, 7): (4, 4, 3)
(1, 24, 0, 24, 0): (3, 7, 3)
(1, 24, 0, 48, 0): (-1, 3, 3)
(1, 24, 0, 48, 1): (1, 0, 3)
(1, 24, 0, 48, 2): (1, 1, 3)
(1, 24, 0, 48, 3): (1, 1, 3)
(1, 24, 0, 48, 4): (1, 1, 3)
(1, 24, 0, 25, 0): (3, 7, 3)
(1, 24, 0, 26, 0): (3, 7, 3)
(1, 24, 0, 29, 0): (3, 7, 3)
(1, 24, 0, 31, 0): (3, 7, 3)
(1, 24, 0, 0, 16): (6, 4, 3)
(1, 24, 0, 0, 32): (6, 4, 3)
(1, 24, 0, 0, 48): (5, 4, 3)
(1, 24, 0, 0, 64): (3, 4, 3)
(1, 0, 0, 17, 0): (-8, 0, 3)
(1, 0, 0, 17, 1): (-5, 0, 3)
(1, 0, 0, 17, 2): (-5, 0, 3)
(1, 0, 0, 17, 3): (-5, 0, 3)
(1, 0, 0, 17, 4): (-5, 0, 3)
(1, 0, 0, 17, 7): (-7, 0, 3)
(1, 0, 0, 17, 14): (-7, 0, 3)
(1, 0, 0, 17, 10): (-7, 0, 3)
(1, 0, 0, 17, 20): (-7, 0, 3)
(1, 0, 0, 17, 30): (-7, 0, 3)
(1, 0, 0, 17, 40): (-8, 0, 3)
(1, 0, 0, 17, 50): (-5, 0, 3)
(1, 0, 0, 17, 60): (-6, 0, 3)
(1, 0, 0, 17, 16): (-5, 0, 3)
(1, 0, 0, 17, 32): (-5, 0, 3)
(1, 0, 0, 17, 48): (-6, 0, 3)
(1, 0, 0, 17, 64): (-8, 0, 3)
(1, 0, 0, 17, 18): (-5, 0, 3)
(1, 25, 0, 0, 0): (2, 6, 3)
(1, 25, 0, 0, 1): (3, 2, 3)
(1, 25, 0, 0, 2): (0, 0, 3)
(1, 25, 0, 0, 3): (0, 0, 3)
(1, 25, 0, 0, 4): (0, 0, 3)
(1, 25, 0, 0, 7): (3, 2, 3)
(1, 25, 0, 19, 0): (3, 7, 3)
(1, 25, 0, 20, 0): (3, 7, 3)
(1, 25, 0, 21, 0): (3, 7, 3)
(1, 25, 0, 22, 0): (3, 7, 3)
(1, 25, 0, 25, 0): (3, 7, 3)
(1, 25, 0, 26, 0): (3, 7, 3)
(1, 25, 0, 29, 0): (3, 7, 3)
(1, 25, 0, 31, 0): (3, 7, 3)
(1, 0, 0, 17, 28): (-5, -2, 3)
(1, 0, 0, 52, 0): (4, 3, 2)
(1, 0, 0, 78, 0): (7, 8, 2)
(1, 0, 0, 104, 0): (8, 9, 2)
(1, 0, 0, 17, 23): (-7, 0, 3)
(1, 0, 0, 17, 26): (-5, 0, 3)
(1, 0, 0, 17, 8): (-5, 0, 3)
(1, 0, 0, 17, 24): (-5, 0, 3)
(1, 0, 0, 17, 9): (-8, 0, 3)
(1, 0, 0, 17, 46): (-2, 0, 3)
(1, 0, 1, 17, 0): (-6, 0, 3)
(1, 0, 1, 17, 2): (-3, 0, 3)
(1, 0, 1, 17, 3): (-3, 0, 3)
(1, 0, 1, 17, 4): (-3, 0, 3)
(1, 0, 1, 17, 7): (0, 0, 3)
(1, 0, 1, 17, 14): (-5, 0, 3)
(1, 0, 1, 17, 8): (-3, 0, 3)
(1, 0, 1, 17, 16): (-3, 0, 3)
(1, 0, 1, 17, 24): (-4, 0, 3)
(1, 0, 1, 17, 32): (-3, 0, 3)
(1, 0, 1, 17, 9): (-6, 0, 3)
(1, 0, 1, 17, 10): (-5, 0, 3)
(1, 0, 1, 17, 20): (-4, 0, 3)
(1, 0, 1, 17, 30): (-5, 0, 3)
(1, 0, 1, 17, 40): (-5, 0, 3)
(1, 0, 1, 17, 50): (-6, 0, 3)
(1, 0, 1, 17, 48): (-4, 0, 3)
(1, 0, 1, 17, 64): (-6, 0, 3)
(1, 0, 1, 17, 18): (-3, 0, 3)
(1, 0, 1, 17, 23): (-5, 0, 3)
(1, 0, 1, 17, 46): (0, 0, 3)
(1, 0, 1, 17, 26): (-3, 0, 3)
(1, 0, 0, 17, 17): (-5, 0, 3)
(1, 0, 0, 17, 21): (-2, 0, 3)
(1, 0, 2, 18, 0): (-1, 4, 3)
(1, 0, 2, 18, 1): (2, 2, 3)
(1, 0, 2, 18, 3): (2, 2, 3)
(1, 0, 2, 18, 4): (2, 2, 3)
(1, 0, 2, 19, 1): (2, 2, 3)
(1, 0, 2, 19, 3): (2, 2, 3)
(1, 0, 2, 19, 4): (2, 2, 3)
(1, 0, 2, 23, 0): (-6, 0, 3)
(1, 0, 2, 23, 1): (-3, 0, 3)
(1, 0, 2, 23, 3): (-3, 0, 3)
(1, 0, 2, 23, 4): (-3, 0, 3)
(1, 0, 2, 25, 0): (-1, 4, 3)
(1, 0, 2, 25, 1): (2, 2, 3)
(1, 0, 2, 25, 3): (2, 2, 3)
(1, 0, 2, 25, 4): (2, 2, 3)
(1, 0, 2, 26, 0): (-6, 0, 3)
(1, 0, 2, 26, 1): (-3, 0, 3)
(1, 0, 2, 26, 3): (-3, 0, 3)
(1, 0, 2, 26, 4): (-3, 0, 3)
(1, 0, 2, 26, 7): (0, 0, 3)
(1, 0, 2, 26, 14): (-5, 0, 3)
(1, 0, 2, 26, 9): (-6, 0, 3)
(1, 0, 2, 26, 10): (-5, 0, 3)
(1, 0, 2, 26, 20): (-5, 0, 3)
(1, 0, 2, 26, 30): (-6, 0, 3)
(1, 0, 2, 26, 16): (-3, 0, 3)
(1, 0, 2, 26, 32): (-3, 0, 3)
(1, 0, 2, 26, 48): (-4, 0, 3)
(1, 0, 2, 26, 64): (-6, 0, 3)
(1, 0, 2, 26, 17): (-3, 0, 3)
(1, 0, 2, 26, 19): (0, 0, 3)
(1, 0, 2, 26, 22): (-3, 0, 3)
(1, 0, 0, 0, 96): (-5, 1, 3)
(1, 0, 0, 25, 14): (-4, 1, 3)
(1, 0, 0, 25, 32): (-2, 1, 3)
(1, 0, 0, 25, 64): (-5, 1, 3)
(1, 0, 0, 25, 80): (-6, 0, 1)
(1, 0, 0, 25, 96): (-8, 0, 1)
(1, 0, 0, 25, 17): (-2, 1, 3)
(1, 0, 0, 25, 21): (-2, 1, 3)
(1, 0, 3, 22, 0): (-1, 4, 3)
(1, 0, 3, 22, 1): (2, 2, 3)
(1, 0, 3, 22, 2): (2, 2, 3)
(1, 0, 3, 22, 4): (2, 2, 3)
(1, 0, 3, 24, 0): (-1, 4, 3)
(1, 0, 3, 24, 1): (2, 2, 3)
(1, 0, 3, 24, 2): (2, 2, 3)
(1, 0, 3, 24, 4): (2, 2, 3)
(1, 0, 3, 25, 0): (-6, 0, 3)
(1, 0, 3, 25, 1): (-3, 0, 3)
(1, 0, 3, 25, 2): (-3, 0, 3)
(1, 0, 3, 25, 4): (-3, 0, 3)
(1, 0, 3, 25, 7): (0, 0, 3)
(1, 0, 3, 25, 14): (-5, 0, 3)
(1, 0, 3, 25, 10): (-5, 0, 3)
(1, 0, 3, 25, 16): (-6, 0, 3)
(1, 0, 3, 25, 32): (-3, 0, 3)
(1, 0, 3, 25, 48): (-6, 0, 3)
(1, 0, 3, 25, 64): (-3, 0, 3)
(1, 0, 3, 25, 80): (-4, 0, 3)
(1, 0, 3, 25, 96): (-6, 0, 3)
(1, 0, 3, 25, 17): (-3, 0, 3)
(1, 0, 3, 25, 18): (0, 0, 3)
(1, 0, 3, 25, 21): (-3, 0, 3)
(1, 0, 4, 0, 6): (-1, 2, 3)
(1, 0, 4, 0, 7): (3, 2, 3)
(1, 0, 4, 22, 6): (-1, 2, 3)
(1, 0, 4, 23, 0): (-6, 0, 3)
(1, 0, 4, 23, 1): (-3, 0, 3)
(1, 0, 4, 23, 2): (-3, 0, 3)
(1, 0, 4, 23, 3): (-3, 0, 3)
(1, 0, 4, 23, 6): (-6, 0, 3)
(1, 0, 4, 24, 0): (-1, 4, 3)
(1, 0, 4, 24, 1): (2, 2, 3)
(1, 0, 4, 24, 2): (2, 2, 3)
(1, 0, 4, 24, 3): (2, 2, 3)
(1, 0, 4, 24, 6): (-1, 2, 3)
(1, 0, 4, 25, 0): (-6, 0, 3)
(1, 0, 4, 25, 1): (-3, 0, 3)
(1, 0, 4, 25, 2): (-3, 0, 3)
(1, 0, 4, 25, 3): (-3, 0, 3)
(1, 0, 4, 25, 6): (-6, 0, 3)
(1, 0, 4, 25, 7): (0, 0, 3)
(1, 0, 4, 25, 14): (-5, 0, 3)
(1, 0, 4, 25, 10): (-5, 0, 3)
(1, 0, 4, 25, 20): (-5, 0, 3)
(1, 0, 4, 25, 30): (-6, 0, 3)
(1, 0, 4, 25, 16): (-3, 0, 3)
(1, 0, 4, 25, 32): (-3, 0, 3)
(1, 0, 4, 25, 48): (-4, 0, 3)
(1, 0, 4, 25, 64): (-6, 0, 3)
(1, 0, 4, 25, 17): (-3, 0, 3)
(1, 0, 4, 25, 18): (0, 0, 3)
(1, 0, 4, 25, 21): (-3, 0, 3)
(1, 0, 0, 25, 28): (-2, 0, 3)
(1, 0, 7, 25, 0): (2, 4, 3)
(1, 0, 7, 25, 1): (0, 2, 3)
(1, 0, 7, 25, 3): (0, 2, 3)
(1, 0, 7, 25, 4): (0, 2, 3)
(1, 0, 7, 25, 7): (-1, 2, 3)
(1, 0, 7, 25, 14): (-8, 2, 3)
(1, 0, 7, 25, 21): (-1, 2, 3)
(1, 0, 7, 25, 28): (-4, 2, 3)
(1, 0, 7, 25, 16): (0, 2, 3)
(1, 0, 7, 25, 32): (0, 2, 3)
(1, 0, 7, 25, 48): (-1, 2, 3)
(1, 0, 7, 25, 64): (-3, 2, 3)
(1, 0, 7, 25, 17): (0, 2, 3)
(1, 0, 7, 25, 18): (3, 2, 3)
(1, 0, 7, 26, 0): (2, 4, 3)
(1, 0, 7, 27, 0): (2, 4, 3)
(1, 0, 7, 28, 0): (2, 4, 3)
(1, 0, 7, 29, 0): (2, 4, 3)
(1, 0, 7, 0, 4): (0, 2, 3)
(1, 0, 7, 0, 7): (-1, 2, 3)
(1, 0, 7, 0, 16): (0, 2, 3)
(1, 0, 7, 0, 32): (0, 2, 3)
(1, 0, 7, 0, 48): (-1, 2, 3)
(1, 0, 7, 0, 64): (-3, 2, 3)
(1, 0, 7, 0, 17): (0, 2, 3)
(1, 0, 7, 0, 18): (3, 2, 3)
(1, 0, 7, 30, 0): (4, 6, 3)
(1, 0, 7, 60, 0): (5, 4, 3)
(1, 0, 7, 90, 0): (8, 10, 3)
(1, 0, 7, 120, 0): (9, 11, 3)
(1, 0, 7, 31, 0): (4, 6, 3)
(1, 0, 7, 62, 0): (5, 4, 3)
(1, 0, 7, 93, 0): (8, 10, 3)
(1, 0, 7, 124, 0): (9, 11, 3)
(1, 26, 0, 0, 0): (1, 6, 3)
(1, 26, 0, 0, 1): (3, 2, 3)
(1, 26, 0, 19, 0): (2, 7, 3)
(1, 26, 0, 22, 0): (2, 7, 3)
(1, 26, 0, 23, 0): (2, 7, 3)
(1, 26, 0, 24, 0): (2, 7, 3)
(1, 26, 0, 25, 0): (-3, 3, 3)
(1, 26, 0, 25, 1): (0, -1, 3)
(1, 26, 0, 25, 2): (0, 0, 3)
(1, 26, 0, 25, 3): (0, 0, 3)
(1, 26, 0, 25, 4): (0, 0, 3)
(1, 26, 0, 25, 7): (3, 2, 3)
(1, 26, 0, 26, 0): (2, 7, 3)
(1, 26, 0, 28, 0): (2, 7, 3)
(1, 26, 0, 0, 2): (2, 2, 3)
(1, 26, 0, 0, 4): (2, 2, 3)
(1, 26, 0, 30, 0): (-3, 3, 3)
(1, 26, 0, 30, 1): (0, -1, 3)
(1, 26, 0, 30, 2): (0, 0, 3)
(1, 26, 0, 30, 3): (0, 0, 3)
(1, 26, 0, 30, 4): (0, 0, 3)
(1, 26, 0, 30, 7): (3, 2, 3)
(1, 26, 0, 60, 0): (4, 9, 3)
(1, 26, 0, 31, 0): (2, 7, 3)
(1, 0, 0, 19, 1): (3, 2, 3)
(1, 0, 0, 25, 50): (-4, 1, 3)
(1, 27, 0, 0, 0): (1, 4, 1)
(1, 27, 0, 0, 1): (3, 2, 3)
(1, 27, 0, 19, 0): (2, 7, 3)
(1, 27, 0, 22, 0): (2, 7, 3)
(1, 27, 0, 23, 0): (2, 7, 3)
(1, 27, 0, 24, 0): (-3, 3, 3)
(1, 27, 0, 24, 1): (0, -1, 3)
(1, 27, 0, 24, 2): (0, 0, 3)
(1, 27, 0, 24, 3): (0, 0, 3)
(1, 27, 0, 24, 4): (0, 0, 3)
(1, 27, 0, 24, 7): (3, 2, 3)
(1, 27, 0, 25, 0): (2, 7, 3)
(1, 27, 0, 26, 0): (2, 7, 3)
(1, 27, 0, 0, 2): (0, 0, 3)
(1, 27, 0, 0, 3): (0, 0, 3)
(1, 27, 0, 0, 4): (0, 0, 3)
(1, 27, 0, 0, 7): (3, 2, 3)
(1, 27, 0, 30, 0): (2, 7, 3)
(1, 27, 0, 31, 0): (2, 7, 3)
(1, 0, 0, 0, 50): (-4, 1, 3)
(1, 0, 0, 24, 14): (-7, 0, 1)
(1, 0, 0, 24, 20): (-7, 0, 1)
(1, 0, 0, 24, 30): (-7, 0, 1)
(1, 0, 0, 24, 40): (-8, 0, 1)
(1, 0, 0, 24, 50): (-5, 0, 3)
(1, 0, 0, 24, 60): (-6, 0, 3)
(1, 0, 0, 24, 16): (-5, 0, 1)
(1, 0, 0, 24, 32): (-8, 0, 1)
(1, 0, 0, 24, 48): (-6, -2, 1)
(1, 0, 0, 24, 64): (-8, -2, 1)
(1, 0, 0, 24, 17): (-5, 0, 1)
(1, 0, 0, 24, 21): (-5, 0, 1)
(1, 0, 0, 24, 18): (-7, 0, 1)
(1, 0, 0, 24, 24): (-6, 0, 1)
(1, 0, 0, 24, 36): (-2, 0, 1)
(1, 0, 1, 24, 0): (-1, 4, 3)
(1, 0, 1, 24, 2): (2, 2, 3)
(1, 0, 1, 24, 3): (2, 2, 3)
(1, 0, 1, 24, 4): (2, 2, 3)
(1, 0, 1, 26, 0): (-1, 4, 3)
(1, 0, 1, 26, 2): (2, 2, 3)
(1, 0, 1, 26, 3): (2, 2, 3)
(1, 0, 1, 26, 4): (2, 2, 3)
(1, 0, 1, 0, 24): (-4, 0, 3)
(1, 0, 1, 0, 9): (-6, 0, 3)
(1, 0, 1, 0, 20): (-4, 0, 3)
(1, 0, 1, 0, 30): (-5, 0, 3)
(1, 0, 1, 0, 40): (-5, 0, 3)
(1, 0, 1, 0, 50): (-6, 0, 3)
(1, 0, 1, 0, 17): (-3, 0, 3)
(1, 0, 1, 0, 21): (-3, 0, 3)
(1, 0, 0, 23, 48): (-3, 1, 3)
(1, 0, 0, 23, 64): (-5, 1, 3)
(1, 0, 0, 23, 17): (-2, 1, 3)
(1, 0, 0, 23, 21): (-2, 1, 3)
(1, 0, 2, 23, 7): (0, 0, 3)
(1, 0, 2, 23, 14): (-5, 0, 3)
(1, 0, 2, 23, 9): (-6, 0, 3)
(1, 0, 2, 23, 10): (-5, 0, 3)
(1, 0, 2, 23, 20): (-5, 0, 3)
(1, 0, 2, 23, 30): (-6, 0, 3)
(1, 0, 2, 23, 16): (-3, 0, 3)
(1, 0, 2, 23, 32): (-3, 0, 3)
(1, 0, 2, 23, 48): (-4, 0, 3)
(1, 0, 2, 23, 64): (-6, 0, 3)
(1, 0, 2, 23, 17): (-3, 0, 3)
(1, 0, 2, 23, 18): (0, 0, 3)
(1, 0, 2, 23, 21): (-3, 0, 3)
(1, 0, 0, 23, 14): (-4, 1, 3)
(1, 0, 0, 23, 30): (-4, 1, 3)
(1, 0, 0, 23, 80): (-6, 0, 1)
(1, 0, 0, 23, 96): (-8, 0, 1)
(1, 0, 3, 23, 7): (0, 0, 3)
(1, 0, 3, 23, 14): (-5, 0, 3)
(1, 0, 3, 23, 10): (-5, 0, 3)
(1, 0, 3, 23, 16): (-6, 0, 3)
(1, 0, 3, 23, 32): (-3, 0, 3)
(1, 0, 3, 23, 48): (-6, 0, 3)
(1, 0, 3, 23, 64): (-3, 0, 3)
(1, 0, 3, 23, 80): (-4, 0, 3)
(1, 0, 3, 23, 96): (-6, 0, 3)
(1, 0, 3, 23, 17): (-3, 0, 3)
(1, 0, 3, 23, 21): (-3, 0, 3)
(1, 0, 4, 23, 7): (0, 0, 3)
(1, 0, 4, 23, 14): (-5, 0, 3)
(1, 0, 4, 23, 10): (-5, 0, 3)
(1, 0, 4, 23, 20): (-5, 0, 3)
(1, 0, 4, 23, 30): (-6, 0, 3)
(1, 0, 4, 23, 16): (-3, 0, 3)
(1, 0, 4, 23, 32): (-3, 0, 3)
(1, 0, 4, 23, 48): (-4, 0, 3)
(1, 0, 4, 23, 64): (-6, 0, 3)
(1, 0, 4, 23, 17): (-3, 0, 3)
(1, 0, 4, 23, 18): (0, 0, 3)
(1, 0, 4, 23, 21): (-3, 0, 3)
(1, 0, 0, 23, 28): (-2, 0, 3)
(1, 0, 0, 54, 0): (4, 3, 2)
(1, 0, 0, 81, 0): (7, 8, 2)
(1, 0, 0, 108, 0): (8, 9, 2)
(1, 0, 7, 23, 1): (0, 2, 3)
(1, 0, 7, 23, 3): (0, 2, 3)
(1, 0, 7, 23, 4): (0, 2, 3)
(1, 0, 7, 23, 7): (-1, 2, 3)
(1, 0, 7, 23, 14): (-8, 2, 3)
(1, 0, 7, 23, 21): (-1, 2, 3)
(1, 0, 7, 23, 28): (-4, 2, 3)
(1, 0, 7, 23, 16): (0, 2, 3)
(1, 0, 7, 23, 32): (0, 2, 3)
(1, 0, 7, 23, 48): (-1, 2, 3)
(1, 0, 7, 23, 64): (-3, 2, 3)
(1, 0, 7, 23, 17): (0, 2, 3)
(1, 0, 7, 23, 18): (3, 2, 3)
(1, 28, 0, 0, 0): (1, 6, 3)
(1, 28, 0, 0, 1): (3, 2, 3)
(1, 28, 0, 19, 0): (2, 7, 3)
(1, 28, 0, 22, 0): (2, 7, 3)
(1, 28, 0, 23, 0): (-3, 3, 3)
(1, 28, 0, 23, 1): (0, -1, 3)
(1, 28, 0, 23, 2): (0, 0, 3)
(1, 28, 0, 23, 3): (0, 0, 3)
(1, 28, 0, 23, 4): (0, 0, 3)
(1, 28, 0, 23, 7): (3, 2, 3)
(1, 28, 0, 25, 0): (2, 7, 3)
(1, 28, 0, 26, 0): (2, 7, 3)
(1, 28, 0, 27, 0): (2, 7, 3)
(1, 28, 0, 28, 0): (2, 7, 3)
(1, 28, 0, 0, 2): (2, 2, 3)
(1, 28, 0, 0, 4): (2, 2, 3)
(1, 28, 0, 30, 0): (-3, 3, 3)
(1, 28, 0, 30, 1): (0, -1, 3)
(1, 28, 0, 30, 2): (0, 0, 3)
(1, 28, 0, 30, 3): (0, 0, 3)
(1, 28, 0, 30, 4): (0, 0, 3)
(1, 28, 0, 30, 7): (3, 2, 3)
(1, 28, 0, 60, 0): (4, 9, 3)
(1, 28, 0, 31, 0): (2, 7, 3)
(1, 0, 0, 23, 50): (-4, 1, 3)
(1, 0, 1, 23, 7): (0, 0, 3)
(1, 0, 1, 23, 14): (-5, 0, 3)
(1, 0, 1, 23, 16): (-3, 0, 3)
(1, 0, 1, 23, 24): (-4, 0, 3)
(1, 0, 1, 23, 32): (-3, 0, 3)
(1, 0, 1, 23, 9): (-6, 0, 3)
(1, 0, 1, 23, 10): (-5, 0, 3)
(1, 0, 1, 23, 20): (-4, 0, 3)
(1, 0, 1, 23, 30): (-5, 0, 3)
(1, 0, 1, 23, 40): (-5, 0, 3)
(1, 0, 1, 23, 50): (-6, 0, 3)
(1, 0, 1, 23, 48): (-4, 0, 3)
(1, 0, 1, 23, 64): (-6, 0, 3)
(1, 0, 1, 23, 17): (-3, 0, 3)
(1, 0, 1, 23, 18): (-5, 0, 3)
(1, 0, 1, 23, 36): (0, 0, 3)
(1, 0, 1, 23, 21): (-3, 0, 3)
(1, 30, 0, 0, 0): (1, 6, 3)
(1, 30, 0, 0, 1): (3, 2, 3)
(1, 30, 0, 19, 0): (2, 7, 3)
(1, 30, 0, 22, 0): (2, 7, 3)
(1, 30, 0, 23, 0): (-3, 3, 3)
(1, 30, 0, 23, 1): (0, -1, 3)
(1, 30, 0, 23, 2): (0, 0, 3)
(1, 30, 0, 23, 3): (0, 0, 3)
(1, 30, 0, 23, 4): (0, 0, 3)
(1, 30, 0, 23, 7): (3, 2, 3)
(1, 30, 0, 25, 0): (2, 7, 3)
(1, 30, 0, 26, 0): (2, 7, 3)
(1, 30, 0, 27, 0): (2, 7, 3)
(1, 30, 0, 28, 0): (2, 7, 3)
(1, 30, 0, 0, 2): (2, 2, 3)
(1, 30, 0, 0, 4): (2, 2, 3)
(1, 30, 0, 30, 0): (-3, 3, 3)
(1, 30, 0, 30, 1): (0, -1, 3)
(1, 30, 0, 30, 2): (0, 0, 3)
(1, 30, 0, 30, 3): (0, 0, 3)
(1, 30, 0, 30, 4): (0, 0, 3)
(1, 30, 0, 30, 7): (3, 2, 3)
(1, 30, 0, 60, 0): (4, 9, 3)
(1, 30, 0, 31, 0): (2, 7, 3)
(1, 0, 0, 12, 4): (2, 2, 3)
(1, 0, 0, 36, 0): (4, 5, 3)
(1, 0, 0, 36, 1): (1, 0, 3)
(1, 0, 0, 36, 2): (1, 1, 3)
(1, 0, 0, 36, 3): (1, 1, 3)
(1, 0, 0, 36, 4): (1, 1, 3)
(1, 0, 0, 48, 0): (5, 6, 3)
(1, 0, 0, 48, 1): (2, 1, 3)
(1, 0, 0, 48, 2): (2, 2, 3)
(1, 0, 0, 48, 3): (2, 2, 3)
(1, 0, 0, 48, 4): (2, 2, 3)
(1, 0, 0, 14, 0): (6, 7, 3)
(1, 0, 0, 14, 1): (3, 2, 3)
(1, 0, 0, 23, 29): (-5, 1, 3)
(1, 0, 0, 46, 0): (2, 3, 3)
(1, 0, 0, 46, 1): (1, 2, 3)
(1, 0, 0, 46, 2): (1, 2, 3)
(1, 0, 0, 46, 3): (1, 2, 3)
(1, 0, 0, 46, 4): (1, 2, 3)
(1, 0, 0, 31, 1): (0, -1, 1)
(1, 0, 0, 31, 2): (0, 0, 1)
(1, 0, 0, 31, 3): (0, 0, 1)
(1, 0, 0, 31, 4): (0, 0, 1)
(1, 0, 0, 62, 2): (2, 2, 3)
(1, 0, 0, 62, 3): (2, 2, 3)
(1, 31, 0, 0, 0): (3, 6, 2)
(1, 31, 0, 10, 0): (1, 6, 3)
(1, 31, 0, 20, 0): (2, 7, 3)
(1, 31, 0, 20, 1): (3, 2, 3)
(1, 31, 0, 30, 0): (2, 7, 3)
(1, 31, 0, 30, 1): (3, 2, 3)
(1, 31, 0, 40, 0): (1, 6, 3)
(1, 31, 0, 0, 1): (3, 2, 3)
(1, 31, 0, 17, 0): (2, 7, 3)
(1, 31, 0, 21, 0): (-3, 3, 3)
(1, 31, 0, 21, 1): (0, -1, 3)
(1, 31, 0, 21, 2): (0, 0, 3)
(1, 31, 0, 21, 5): (3, 2, 3)
(1, 31, 0, 42, 0): (-2, 3, 3)
(1, 31, 0, 42, 1): (1, 0, 3)
(1, 31, 0, 42, 2): (1, 1, 3)
(1, 31, 0, 22, 0): (2, 7, 3)
(1, 31, 0, 23, 0): (2, 7, 3)
(1, 31, 0, 24, 0): (2, 7, 3)
(1, 31, 0, 0, 2): (0, 0, 3)
(1, 31, 0, 0, 5): (3, 2, 3)
(1, 31, 0, 25, 0): (2, 7, 3)
(1, 31, 0, 26, 0): (2, 7, 3)